3745.10234665107 1.26195202697154
3747.22545641952 1.20864720557903
3749.34856618797 1.13158464438977
3751.47167595641 1.09855744558455
3753.59478572486 1.20995788803378
3755.7178954933 1.16613097198403
3757.84100526175 1.18962779836729
3759.96411503019 1.24939414436054
3762.08722479864 1.27430589528585
3764.21033456708 1.21745988391762
3766.33344433553 1.2180500943383
3768.45655410397 1.15376938481558
3770.57966387242 1.16077738684802
3772.70277364086 1.15135184199439
3774.82588340931 1.18598975124125
3776.94899317776 1.22421734634769
3779.0721029462 1.21014655878423
3781.19521271465 1.20264445049985
3783.31832248309 1.21720246843913
3785.44143225154 1.24324191803178
3787.56454201998 1.11139321728653
3789.68765178843 1.20449616095264
3791.81076155687 1.16387358026125
3793.93387132532 1.16229285604881
3796.05698109376 1.18175779899124
3798.18009086221 1.23753304374603
3800.30320063065 1.21607467112378
3802.4263103991 1.24268646884803
3804.54942016755 1.20111816354836
3806.67252993599 1.23158514592083
3808.79563970444 1.22099963559144
3810.91874947288 1.28719395397408
3813.04185924133 1.25787253013084
3815.16496900977 1.28478248815639
3817.28807877822 1.26282730425041
3819.41118854666 1.25254745548205
3821.53429831511 1.26542409448301
3823.65740808355 1.22520658507654
3825.780517852 1.27637714934504
3827.90362762044 1.2762130861797
3830.02673738889 1.22553486058323
3832.14984715733 1.23144268287664
3834.27295692578 1.25888982075869
3836.39606669423 1.2703276684091
3838.51917646267 1.22759440921926
3840.64228623112 1.24579467366384
3842.76539599956 1.20524417294402
3844.88850576801 1.2176294288303
3847.01161553645 1.23486412613751
3849.1347253049 1.23848270079536
3851.25783507334 1.29109151977213
3853.38094484179 1.23532645454787
3855.50405461023 1.23143212480281
3857.62716437868 1.22847651946984
3859.75027414712 1.23789978566161
3861.87338391557 1.28374857089338
3863.99649368402 1.30332580225006
3866.11960345246 1.24081850155267
3868.24271322091 1.28833944324681
3870.36582298935 1.26719018515564
3872.4889327578 1.24657240120564
3874.61204252624 1.2607423544534
3876.73515229469 1.2571241712402
3878.85826206313 1.20314355041868
3880.98137183158 1.2147312359028
3883.10448160002 1.25686160861378
3885.22759136847 1.28230289386603
3887.35070113691 1.26259589190752
3889.47381090536 1.254810986786
3891.59692067381 1.3030370580488
3893.72003044225 1.32405829839271
3895.8431402107 1.31784827046137
3897.96624997914 1.30072954204067
3900.08935974759 1.37288172698983
3902.21246951603 1.34317151631349
3904.33557928448 1.34402654525893
3906.45868905292 1.28184829416243
3908.58179882137 1.31051175769646
3910.70490858981 1.23712258718237
3912.82801835826 1.27514772710804
3914.9511281267 1.34466631197079
3917.07423789515 1.34064231533049
3919.1973476636 1.35724321086257
3921.32045743204 1.36990595919249
3923.44356720049 1.34894254561472
3925.56667696893 1.35800806346939
3927.68978673738 1.37715085953145
3929.81289650582 1.36629979279873
3931.93600627427 1.35006614459424
3934.05911604271 1.3862781200045
3936.18222581116 1.4022044596912
3938.3053355796 1.35289149230535
3940.42844534805 1.36177019069283
3942.55155511649 1.36752506692554
3944.67466488494 1.37347809417062
3946.79777465339 1.37102705887143
3948.92088442183 1.36793867932058
3951.04399419028 1.35650595024967
3953.16710395872 1.32516629082134
3955.29021372717 1.29903276898102
3957.41332349561 1.26181358348689
3959.53643326406 1.2666430694881
3961.6595430325 1.30019184616545
3963.78265280095 1.36132349392
3965.90576256939 1.36729812293203
3968.02887233784 1.34365728325347
3970.15198210628 1.35140620293718
3972.27509187473 1.3666869255487
3974.39820164318 1.37483240155004
3976.52131141162 1.3843774991475
3978.64442118007 1.47136010667006
3980.76753094851 1.45525801783843
3982.89064071696 1.43442102563118
3985.0137504854 1.44339007349719
3987.13686025385 1.42413201522395
3989.25997002229 1.45367220428825
3991.38307979074 1.42375135558634
3993.50618955918 1.45302416209256
3995.62929932763 1.39323797431748
3997.75240909607 1.42788509609837
3999.87551886452 1.47855898331372
4001.99862863296 1.49440706659239
4004.12173840141 1.48172967076088
4006.24484816986 1.49032649813408
4008.3679579383 1.47939611817401
4010.49106770675 1.50042893588822
4012.61417747519 1.50182068254912
4014.73728724364 1.45786057271161
4016.86039701208 1.5036912753541
4018.98350678053 1.50677915158043
4021.10661654897 1.53816992534505
4023.22972631742 1.50933775171453
4025.35283608586 1.43322297963557
4027.47594585431 1.40702937671819
4029.59905562275 1.41319636448705
4031.7221653912 1.42889677108485
4033.84527515965 1.48330847644189
4035.96838492809 1.47456718188901
4038.09149469654 1.49451576329229
4040.21460446498 1.53436016967242
4042.33771423343 1.55805515114068
4044.46082400187 1.51231892526192
4046.58393377032 1.55876103179932
4048.70704353876 1.5347222152025
4050.83015330721 1.53618417271516
4052.95326307565 1.51032093358408
4055.0763728441 1.51103057615651
4057.19948261254 1.48274721006167
4059.32259238099 1.53076681642802
4061.44570214944 1.5123316945927
4063.56881191788 1.46129600399567
4065.69192168633 1.48912658938368
4067.81503145477 1.51194032434355
4069.93814122322 1.53863638595257
4072.06125099166 1.5267701356422
4074.18436076011 1.56880173498062
4076.30747052855 1.48682996287752
4078.430580297 1.42965832168335
4080.55369006544 1.4305424676365
4082.67679983389 1.51295134989931
4084.79990960233 1.53621601989441
4086.92301937078 1.53629362561443
4089.04612913923 1.52809115223451
4091.16923890767 1.51072660074742
4093.29234867612 1.50293232154473
4095.41545844456 1.49110523879903
4097.53856821301 1.47970913451867
4099.66167798145 1.46175461100106
4101.7847877499 1.40704213378451
4103.90789751834 1.45887776518928
4106.03100728679 1.48873912390212
4108.15411705523 1.49946697594675
4110.27722682368 1.53768162038413
4112.40033659212 1.53086240987958
4114.52344636057 1.54967073964271
4116.64655612902 1.53952198382741
4118.76966589746 1.54446929820644
4120.89277566591 1.51538929191092
4123.01588543435 1.52934807155479
4125.1389952028 1.55201701742127
4127.26210497124 1.56195586766389
4129.38521473969 1.60745087050403
4131.50832450813 1.58036926847818
4133.63143427658 1.55918900819887
4135.75454404502 1.52979919141888
4137.87765381347 1.56260387840732
4140.00076358191 1.53002216461461
4142.12387335036 1.52120932878983
4144.2469831188 1.46324815853909
4146.37009288725 1.37859318439955
4148.4932026557 1.37056826189291
4150.61631242414 1.44319345146248
4152.73942219259 1.49410452888759
4154.86253196103 1.52546642228425
4156.98564172948 1.56128724843275
4159.10875149792 1.54339458331423
4161.23186126637 1.57310905156293
4163.35497103481 1.55961485365037
4165.47808080326 1.56084423864132
4167.6011905717 1.60023952069102
4169.72430034015 1.57148089884959
4171.84741010859 1.57598604772978
4173.97051987704 1.60528930097792
4176.09362964549 1.60675029977819
4178.21673941393 1.63106907686173
4180.33984918238 1.61673243676681
4182.46295895082 1.57165866752015
4184.58606871927 1.5511143881429
4186.70917848771 1.54550262172026
4188.83228825616 1.5587223862598
4190.9553980246 1.62748066283275
4193.07850779305 1.61206935883266
4195.20161756149 1.60858152246201
4197.32472732994 1.62202046972278
4199.44783709839 1.64938806681789
4201.57094686683 1.62263247095562
4203.69405663528 1.6509716159296
4205.81716640372 1.62792167952512
4207.94027617217 1.63891455846245
4210.06338594061 1.62899199251513
4212.18649570906 1.64327354107091
4214.3096054775 1.6120828762052
4216.43271524595 1.62882503333168
4218.55582501439 1.65858947640959
4220.67893478284 1.62596391622526
4222.80204455128 1.66075244622892
4224.92515431973 1.64368428084054
4227.04826408817 1.64034456850697
4229.17137385662 1.64943405781463
4231.29448362507 1.65150662785078
4233.41759339351 1.66988145332753
4235.54070316196 1.68268102762829
4237.6638129304 1.65311356879674
4239.78692269885 1.64146697585677
4241.91003246729 1.66327575131506
4244.03314223574 1.6568272344484
4246.15625200418 1.6527926674796
4248.27936177263 1.68985441374768
4250.40247154107 1.72548586362957
4252.52558130952 1.69820446017045
4254.64869107796 1.6974908028411
4256.77180084641 1.74359693914141
4258.89491061486 1.78346323949713
4261.0180203833 1.82649041290303
4263.14113015175 1.84712952915534
4265.26423992019 1.89624312309153
4267.38734968864 1.89420711946053
4269.51045945708 1.88972908381811
4271.63356922553 1.79287914690995
4273.75667899397 1.76608548870846
4275.87978876242 1.72897625955698
4278.00289853086 1.68973901463015
4280.12600829931 1.72644871503544
4282.24911806775 1.71685839877735
4284.3722278362 1.72318292735913
4286.49533760465 1.68508038997616
4288.61844737309 1.65519622443549
4290.74155714154 1.66219180742208
4292.86466690998 1.67478741691423
4294.98777667843 1.68623844066717
4297.11088644687 1.66168608318547
4299.23399621532 1.63994404043673
4301.35710598376 1.64303326242031
4303.48021575221 1.67189885760253
4305.60332552065 1.66624081580833
4307.7264352891 1.65696007226545
4309.84954505754 1.6735301210736
4311.97265482599 1.65740858032887
4314.09576459443 1.67874877884011
4316.21887436288 1.6356684853443
4318.34198413133 1.65463415432631
4320.46509389977 1.66201882151524
4322.58820366822 1.65519079675505
4324.71131343666 1.64557203167864
4326.83442320511 1.62470903847833
4328.95753297355 1.62843786779164
4331.080642742 1.6208223262125
4333.20375251044 1.58982576722454
4335.32686227889 1.5644362120732
4337.44997204733 1.52914702344911
4339.57308181578 1.50754255710297
4341.69619158422 1.48762306241494
4343.81930135267 1.52219091722958
4345.94241112112 1.56731820286403
4348.06552088956 1.594283015901
4350.18863065801 1.58325860555876
4352.31174042645 1.56908286620315
4354.4348501949 1.61073256401557
4356.55795996334 1.61474488911167
4358.68106973179 1.604067911445
4360.80417950023 1.64283599661895
4362.92728926868 1.58879937234982
4365.05039903712 1.53671204082241
4367.17350880557 1.48627654120419
4369.29661857402 1.47457078259936
4371.41972834246 1.49798060159495
4373.5428381109 1.55903305842613
4375.66594787935 1.59158047515988
4377.7890576478 1.64269318795132
4379.91216741624 1.63321510967363
4382.03527718469 1.65035329560326
4384.15838695313 1.71716772035481
4386.28149672158 1.71871996440351
4388.40460649002 1.68020181664184
4390.52771625847 1.67113442370346
4392.65082602691 1.65162392826956
4394.77393579536 1.66816945188157
4396.8970455638 1.69958220717483
4399.02015533225 1.71875918731264
4401.1432651007 1.70250398148357
4403.26637486914 1.69720948167818
4405.38948463759 1.67208247398554
4407.51259440603 1.70993113519063
4409.63570417448 1.69909385894675
4411.75881394292 1.63500387546695
4413.88192371137 1.58728018067957
4416.00503347981 1.61631660318408
4418.12814324826 1.66150066848855
4420.2512530167 1.67495902978577
4422.37436278515 1.7089749552573
4424.49747255359 1.7398687336865
4426.62058232204 1.73562405098867
4428.74369209049 1.71430444433881
4430.86680185893 1.70101639846898
4432.98991162738 1.67640625629066
4435.11302139582 1.6634099916264
4437.23613116427 1.67855464804328
4439.35924093271 1.70453055508311
4441.48235070116 1.66765949164612
4443.6054604696 1.68804959734104
4445.72857023805 1.66085655620173
4447.85168000649 1.64816191015074
4449.97478977494 1.61922534847402
4452.09789954338 1.60960105135171
4454.22100931183 1.60847833165808
4456.34411908028 1.64324932589999
4458.46722884872 1.63514413104721
4460.59033861717 1.676325874098
4462.71344838561 1.67817960449083
4464.83655815406 1.67165033321834
4466.9596679225 1.67796351463092
4469.08277769095 1.69970091972043
4471.20588745939 1.66667065602893
4473.32899722784 1.6827502623194
4475.45210699628 1.74177671683631
4477.57521676473 1.72154117184848
4479.69832653317 1.71195452668571
4481.82143630162 1.74986937293979
4483.94454607006 1.72589515454098
4486.06765583851 1.69342660846707
4488.19076560696 1.65941750113929
4490.3138753754 1.58544744619011
4492.43698514385 1.58150176045645
4494.56009491229 1.59542633358407
4496.68320468074 1.65446885151765
4498.80631444918 1.71583100142025
4500.92942421763 1.69899461939435
4503.05253398607 1.71820069355273
4505.17564375452 1.73715867899705
4507.29875352296 1.76203222268242
4509.42186329141 1.72596923655345
4511.54497305985 1.7340097551508
4513.6680828283 1.71999032722633
4515.79119259675 1.76766942157316
4517.91430236519 1.75395778022855
4520.03741213364 1.71857753111756
4522.16052190208 1.72563744913777
4524.28363167053 1.73297864505295
4526.40674143897 1.74298586735052
4528.52985120742 1.71773674400285
4530.65296097586 1.76399832357617
4532.77607074431 1.7509288959963
4534.89918051275 1.73038447313254
4537.0222902812 1.73614034177464
4539.14540004965 1.73720950547113
4541.26850981809 1.71928897115668
4543.39161958653 1.71462336382993
4545.51472935498 1.7368458237832
4547.63783912343 1.7154602913944
4549.76094889187 1.73380056185473
4551.88405866032 1.76391817051384
4554.00716842876 1.79628266456749
4556.13027819721 1.78323111881795
4558.25338796565 1.75316182880321
4560.3764977341 1.77224813247563
4562.49960750254 1.76661139441992
4564.62271727099 1.76729548626181
4566.74582703943 1.7691472593244
4568.86893680788 1.76735384475646
4570.99204657633 1.76442508989861
4573.11515634477 1.79449109634877
4575.23826611322 1.79103038176136
4577.36137588166 1.76725302782227
4579.48448565011 1.78322285269829
4581.60759541855 1.76613715311586
4583.730705187 1.7625493277393
4585.85381495544 1.77237409666514
4587.97692472389 1.75969757126596
4590.10003449233 1.74246237009897
4592.22314426078 1.72731984206876
4594.34625402922 1.7578845349362
4596.46936379767 1.76067032626921
4598.59247356612 1.75034577337417
4600.71558333456 1.7593423856752
4602.83869310301 1.77862301297086
4604.96180287145 1.76212415820336
4607.0849126399 1.75274797505775
4609.20802240834 1.7197164448708
4611.33113217679 1.73654076902423
4613.45424194523 1.74988140393305
4615.57735171368 1.75302133033346
4617.70046148212 1.75435697333016
4619.82357125057 1.78745129613727
4621.94668101901 1.81300355425844
4624.06979078746 1.85711947242422
4626.1929005559 1.83707663205312
4628.31601032435 1.76321143579948
4630.4391200928 1.73043623498872
4632.56222986124 1.70793371083526
4634.68533962969 1.70669662167475
4636.80844939813 1.71965360747261
4638.93155916658 1.74038948346059
4641.05466893502 1.72549097268435
4643.17777870347 1.73792411934366
4645.30088847191 1.73622696251798
4647.42399824036 1.71585372742912
4649.5471080088 1.73523128626709
4651.67021777725 1.75712978589317
4653.79332754569 1.73386279666667
4655.91643731414 1.72429773050881
4658.03954708259 1.73253671035862
4660.16265685103 1.7352666344198
4662.28576661948 1.68469937017237
4664.40887638792 1.6685956865133
4666.53198615637 1.71236376284399
4668.65509592481 1.74664953802745
4670.77820569326 1.77107973664924
4672.9013154617 1.75633505204745
4675.02442523015 1.76558202895727
4677.14753499859 1.76069062281443
4679.27064476704 1.73328350442482
4681.39375453548 1.73201465343843
4683.51686430393 1.6932974268585
4685.63997407238 1.5829672166038
4687.76308384082 1.67604132809454
4689.88619360927 1.70835765530075
4692.00930337771 1.72535247359419
4694.13241314616 1.74571465852822
4696.2555229146 1.75351784386353
4698.37863268305 1.73791292151803
4700.50174245149 1.72497731875028
4702.62485221994 1.73916873015729
4704.74796198838 1.75930354074969
4706.87107175683 1.76569715807824
4708.99418152528 1.75691545501832
4711.11729129372 1.73671839201138
4713.24040106216 1.75383463107187
4715.36351083061 1.77742697546354
4717.48662059906 1.75482628663237
4719.6097303675 1.75811217969369
4721.73284013595 1.77323992169854
4723.85594990439 1.74853405250531
4725.97905967284 1.71704098089493
4728.10216944128 1.73833585031826
4730.22527920973 1.74162022439385
4732.34838897817 1.79964243995352
4734.47149874662 1.75029031985621
4736.59460851506 1.74819670443801
4738.71771828351 1.74320181744032
4740.84082805196 1.75670356121383
4742.9639378204 1.76762082603382
4745.08704758885 1.76212971360032
4747.21015735729 1.77211000150044
4749.33326712574 1.73166965087852
4751.45637689418 1.76532342902733
4753.57948666263 1.75222310070148
4755.70259643107 1.73700894655821
4757.82570619952 1.76713956190716
4759.94881596796 1.75462429906872
4762.07192573641 1.75596855017755
4764.19503550485 1.74853804535119
4766.3181452733 1.7302984486042
4768.44125504175 1.76522351351358
4770.56436481019 1.75604405189715
4772.68747457864 1.73174480893346
4774.81058434708 1.74696997587495
4776.93369411553 1.76578185522144
4779.05680388397 1.76124794025312
4781.17991365242 1.73339510783938
4783.30302342086 1.74269996987301
4785.42613318931 1.76027399259713
4787.54924295775 1.77336902086555
4789.6723527262 1.75396682070768
4791.79546249464 1.75022132805191
4793.91857226309 1.78935232457164
4796.04168203153 1.80253089793372
4798.16479179998 1.81393636943353
4800.28790156843 1.84636646924514
4802.41101133687 1.87335015926215
4804.53412110532 1.93740442996477
4806.65723087376 1.96499130945485
4808.78034064221 1.97000749420354
4810.90345041065 1.95400922956272
4813.0265601791 1.91369089699457
4815.14966994754 1.86234190347455
4817.27277971599 1.83416917726873
4819.39588948443 1.81344930121999
4821.51899925288 1.77359144055007
4823.64210902132 1.74760432925996
4825.76521878977 1.75061589270287
4827.88832855822 1.72616038652779
4830.01143832666 1.70572226303025
4832.13454809511 1.70336337778717
4834.25765786355 1.70806376192332
4836.380767632 1.70701437953236
4838.50387740044 1.69836946024055
4840.62698716889 1.71284987579269
4842.75009693733 1.68054571122292
4844.87320670578 1.69998931006831
4846.99631647422 1.68609357779701
4849.11942624267 1.66844603434228
4851.24253601111 1.64647055048095
4853.36564577956 1.62378728887219
4855.48875554801 1.59928887723496
4857.61186531645 1.55518815238292
4859.7349750849 1.49666669169667
4861.85808485334 1.46396554884748
4863.98119462179 1.49913202878753
4866.10430439023 1.49311520792507
4868.22741415868 1.45391323329564
4870.35052392712 1.44951991968704
4872.47363369557 1.49021597732281
4874.59674346401 1.55501843490174
4876.71985323246 1.60450908079269
4878.84296300091 1.63176809343093
4880.96607276935 1.64852824120991
4883.08918253779 1.65635816122042
4885.21229230624 1.67200779245572
4887.33540207469 1.68145813705027
4889.45851184313 1.69538206980605
4891.58162161158 1.69373392124795
4893.70473138002 1.70432427952733
4895.82784114847 1.71240564420735
4897.95095091691 1.71472904056336
4900.07406068536 1.72935465964156
4902.1971704538 1.69394134308765
4904.32028022225 1.7324816773902
4906.44338999069 1.72027445783705
4908.56649975914 1.72779259323778
4910.68960952759 1.7198256819654
4912.81271929603 1.74192292731932
4914.93582906448 1.7529502243394
4917.05893883292 1.73545733962872
4919.18204860137 1.74187199765669
4921.30515836981 1.73512971193226
4923.42826813826 1.77110718010599
4925.5513779067 1.72518807373252
4927.67448767515 1.64338750703927
4929.79759744359 1.6187606006864
4931.92070721204 1.66780223236817
4934.04381698048 1.70800175297182
4936.16692674893 1.7423132028453
4938.29003651738 1.74545045078855
4940.41314628582 1.74628919583307
4942.53625605427 1.75736454128627
4944.65936582271 1.76100774407879
4946.78247559116 1.75096705426187
4948.9055853596 1.74501077259685
4951.02869512805 1.74903597204271
4953.15180489649 1.76584369178807
4955.27491466494 1.76072051692558
4957.39802443338 1.75879098055419
4959.52113420183 1.76572493245405
4961.64424397027 1.77150997968001
4963.76735373872 1.76296830426074
4965.89046350716 1.76256664366146
4968.01357327561 1.76896595040871
4970.13668304406 1.76563990033287
4972.2597928125 1.78203458707643
4974.38290258095 1.75814196912405
4976.50601234939 1.78163518106258
4978.62912211784 1.78624727922166
4980.75223188628 1.75392675825592
4982.87534165473 1.77740955836984
4984.99845142317 1.77228834960256
4987.12156119162 1.76261630113065
4989.24467096006 1.76036199671074
4991.36778072851 1.77256552525987
4993.49089049695 1.76173467723643
4995.6140002654 1.73264508425479
4997.73711003385 1.74817196362003
4999.86021980229 1.75976004965385
5001.98332957074 1.75994428445328
5004.10643933918 1.76106422315072
5006.22954910763 1.70728298969652
5008.35265887607 1.72769561256675
5010.47576864452 1.72125848912181
5012.59887841296 1.71874213268374
5014.72198818141 1.7172890151829
5016.84509794985 1.72314363535101
5018.9682077183 1.70599471835787
5021.09131748674 1.69176987463634
5023.21442725519 1.71389575765602
5025.33753702364 1.75272380608369
5027.46064679208 1.77320590264201
5029.58375656053 1.76459964665432
5031.70686632897 1.74206002038782
5033.82997609742 1.74504316020211
5035.95308586586 1.76212457302871
5038.07619563431 1.76087797256923
5040.19930540275 1.75155103390224
5042.3224151712 1.76934233093728
5044.44552493964 1.74973201248492
5046.56863470809 1.74436976555649
5048.69174447653 1.73643497884903
5050.81485424498 1.72649921780118
5052.93796401342 1.73049581197146
5055.06107378187 1.74359679711146
5057.18418355032 1.76736927578166
5059.30729331876 1.75894120374872
5061.43040308721 1.74305396497343
5063.55351285565 1.75310459213508
5065.6766226241 1.74785714367868
5067.79973239254 1.75319440135777
5069.92284216099 1.77365746925838
5072.04595192943 1.75561050397998
5074.16906169788 1.75788452905251
5076.29217146632 1.76472380446448
5078.41528123477 1.77220696593434
5080.53839100322 1.78348000397673
5082.66150077166 1.75531768564069
5084.78461054011 1.74528973793346
5086.90772030855 1.75028884830278
5089.030830077 1.76656601372958
5091.15393984544 1.77203516615144
5093.27704961389 1.7746832591357
5095.40015938233 1.78007885788193
5097.52326915078 1.76394540150721
5099.64637891922 1.76293732380884
5101.76948868767 1.77885089592563
5103.89259845611 1.76702299401937
5106.01570822456 1.76372961136307
5108.13881799301 1.76270878403512
5110.26192776145 1.75176613573223
5112.3850375299 1.75386854623096
5114.50814729834 1.75357152440985
5116.63125706679 1.75208296031674
5118.75436683523 1.75885680210999
5120.87747660368 1.76120914133459
5123.00058637212 1.75257881210507
5125.12369614057 1.75557291737453
5127.24680590901 1.76729934779188
5129.36991567746 1.75668483066887
5131.4930254459 1.7525722605649
5133.61613521435 1.7411386469375
5135.73924498279 1.75849397742539
5137.86235475124 1.757693886342
5139.98546451969 1.77258500654167
5142.10857428813 1.75698098861472
5144.23168405658 1.75319351342473
5146.35479382502 1.740069707388
5148.47790359347 1.74330018644315
5150.60101336191 1.74011836375295
5152.72412313036 1.75780914303579
5154.8472328988 1.76000465534455
5156.97034266725 1.7573171011759
5159.09345243569 1.76011421640485
5161.21656220414 1.77594754547699
5163.33967197258 1.77948075383635
5165.46278174103 1.76468160107579
5167.58589150948 1.7699263140513
5169.70900127792 1.77651985676809
5171.83211104637 1.77821081323578
5173.95522081481 1.76474156677268
5176.07833058326 1.74333304936844
5178.2014403517 1.74439914571408
5180.32455012015 1.75500879342454
5182.44765988859 1.76827250490479
5184.57076965704 1.78640437475077
5186.69387942548 1.78846987322815
5188.81698919393 1.76828390486782
5190.94009896237 1.80244026030339
5193.06320873082 1.77677817135396
5195.18631849927 1.7733731988425
5197.30942826771 1.78085290800042
5199.43253803616 1.82305596963833
5201.5556478046 1.82516362661024
5203.67875757305 1.83227330607042
5205.80186734149 1.80866105782255
5207.92497710994 1.79406441198219
5210.04808687838 1.79557527626143
5212.17119664683 1.79893078040022
5214.29430641527 1.79617545857867
5216.41741618372 1.78954934423866
5218.54052595216 1.78716938617511
5220.66363572061 1.77793867972596
5222.78674548905 1.766401055791
5224.9098552575 1.77666946911187
5227.03296502595 1.78479901791996
5229.15607479439 1.80082098643657
5231.27918456284 1.78429082995781
5233.40229433128 1.80117620160778
5235.52540409973 1.80004395057208
5237.64851386817 1.78670027170959
5239.77162363662 1.76487382142633
5241.89473340506 1.79142678223849
5244.01784317351 1.78611037792512
5246.14095294195 1.77635064939631
5248.2640627104 1.77204665098684
5250.38717247885 1.78608844243557
5252.51028224729 1.79638333195424
5254.63339201574 1.80485211064538
5256.75650178418 1.79021363506878
5258.87961155263 1.79449537317932
5261.00272132107 1.78641896545404
5263.12583108952 1.77563188018724
5265.24894085796 1.78987785347894
5267.37205062641 1.80605456086721
5269.49516039485 1.80445800368956
5271.6182701633 1.80475916537614
5273.74137993174 1.80221565102399
5275.86448970019 1.78821920114344
5277.98759946864 1.79651521354212
5280.11070923708 1.81182034463977
5282.23381900553 1.81207032815325
5284.35692877397 1.80867810404701
5286.48003854242 1.80895913686839
5288.60314831086 1.79211903360275
5290.72625807931 1.77802944791033
5292.84936784775 1.80866848949172
5294.9724776162 1.81438730013019
5297.09558738464 1.81033989275443
5299.21869715309 1.80462428004217
5301.34180692153 1.79403481140142
5303.46491668998 1.79867301713052
5305.58802645842 1.81802654927077
5307.71113622687 1.80562182081958
5309.83424599532 1.80877440584028
5311.95735576376 1.80826509299767
5314.08046553221 1.83690377203262
5316.20357530065 1.8069684126339
5318.3266850691 1.81218684641933
5320.44979483754 1.80865338374294
5322.57290460599 1.80646349159234
5324.69601437443 1.79839592793965
5326.81912414288 1.80862641106808
5328.94223391132 1.8135399569278
5331.06534367977 1.79372039448242
5333.18845344821 1.80801833132754
5335.31156321666 1.81257915271249
5337.43467298511 1.79827449533426
5339.55778275355 1.79879601402281
5341.680892522 1.78498612332086
5343.80400229044 1.79452593446739
5345.92711205889 1.81096294921516
5348.05022182733 1.81541772669257
5350.17333159578 1.81859518960366
5352.29644136422 1.81407497091301
5354.41955113267 1.81936187530531
5356.54266090111 1.8338664715363
5358.66577066956 1.82932984477535
5360.788880438 1.81504435884177
5362.91199020645 1.81588544424362
5365.0350999749 1.81425524232966
5367.15820974334 1.80811061562227
5369.28131951179 1.79874263019562
5371.40442928023 1.80173516610388
5373.52753904868 1.80761964144759
5375.65064881712 1.79848442147929
5377.77375858557 1.78564012043854
5379.89686835401 1.823034640363
5382.01997812246 1.84812446929811
5384.1430878909 1.86090981617234
5386.26619765935 1.86624573914187
5388.38930742779 1.86307204867836
5390.51241719624 1.86176501660607
5392.63552696468 1.84304981608794
5394.75863673313 1.82269524064143
5396.88174650158 1.82152821927908
5399.00485627002 1.80440859994157
5401.12796603847 1.79471412571749
5403.25107580691 1.79272685476894
5405.37418557536 1.77305917055153
5407.4972953438 1.74788144823527
5409.62040511225 1.72565245571163
5411.74351488069 1.7017382768219
5413.86662464914 1.73903252864647
5415.98973441758 1.76747145354667
5418.11284418603 1.77854286577462
5420.23595395448 1.78577440317356
5422.35906372292 1.7827665263694
5424.48217349137 1.78283985567618
5426.60528325981 1.79969295342585
5428.72839302826 1.8229873551208
5430.8515027967 1.8055407146236
5432.97461256515 1.78403809772496
5435.09772233359 1.78308982175223
5437.22083210204 1.78898079619356
5439.34394187048 1.81048775122976
5441.46705163893 1.77992184921094
5443.59016140737 1.77909439604831
5445.71327117582 1.81732123121671
5447.83638094427 1.78553002643055
5449.95949071271 1.75981893818765
5452.08260048116 1.77513610107367
5454.2057102496 1.76138057202599
5456.32882001805 1.75716422493117
5458.45192978649 1.79686068443865
5460.57503955494 1.811751486958
5462.69814932338 1.79884520138025
5464.82125909183 1.7901326490619
5466.94436886027 1.80635347579786
5469.06747862872 1.78451257089072
5471.19058839716 1.81912295070639
5473.31369816561 1.79873283870834
5475.43680793405 1.80750452538512
5477.5599177025 1.78919528403065
5479.68302747095 1.80909118290965
5481.80613723939 1.80350781324704
5483.92924700784 1.79177353926661
5486.05235677628 1.79704130337121
5488.17546654473 1.78025658354948
5490.29857631317 1.79475975785877
5492.42168608162 1.80617244950669
5494.54479585006 1.79345215015831
5496.66790561851 1.79889397160764
5498.79101538695 1.79328680135135
5500.9141251554 1.81931202515884
5503.03723492384 1.79999976548992
5505.16034469229 1.80298289858199
5507.28345446074 1.81433579424581
5509.40656422918 1.80582076898888
5511.52967399763 1.819247194085
5513.65278376607 1.82811277706921
5515.77589353452 1.8171321586632
5517.89900330296 1.79738775818545
5520.02211307141 1.80272900674979
5522.14522283985 1.80191485278275
5524.2683326083 1.80181616422725
5526.39144237674 1.80120744875604
5528.51455214519 1.79487773280493
5530.63766191363 1.79753345995114
5532.76077168208 1.78925006499885
5534.88388145053 1.76158160302847
5537.00699121897 1.77154923786777
5539.13010098742 1.79034771026137
5541.25321075586 1.79958378665331
5543.37632052431 1.7913102454642
5545.49943029275 1.80968453786407
5547.6225400612 1.80960681964754
5549.74564982964 1.80668730534745
5551.86875959809 1.81786910699964
5553.99186936653 1.82111385620625
5556.11497913498 1.80962007101859
5558.23808890342 1.80560679260057
5560.36119867187 1.80624057222943
5562.48430844031 1.7871664145639
5564.60741820876 1.80299102105074
5566.73052797721 1.814454134886
5568.85363774565 1.81961569368253
5570.9767475141 1.79689793818015
5573.09985728254 1.82853277384517
5575.22296705099 1.79155584602181
5577.34607681943 1.92409187828519
5579.46918658788 2
5581.59229635632 1.86464046192284
5583.71540612477 1.82986328455651
5585.83851589321 1.79558577602882
5587.96162566166 1.8126396526487
5590.0847354301 1.79849359630418
5592.20784519855 1.8126964641163
5594.330954967 1.81659779142548
5596.45406473544 1.81553359827202
5598.57717450389 1.82320971641742
5600.70028427233 1.80792164906298
5602.82339404078 1.82587302726492
5604.94650380922 1.80844959510314
5607.06961357767 1.82158788843612
5609.19272334611 1.82886081984974
5611.31583311456 1.83135072579699
5613.438942883 1.82523524085464
5615.56205265145 1.81474849706183
5617.6851624199 1.80892479551731
5619.80827218834 1.82025761457837
5621.93138195679 1.83625165116182
5624.05449172523 1.8162205237271
5626.17760149368 1.81743631187622
5628.30071126212 1.82178915254318
5630.42382103057 1.81680778065996
5632.54693079901 1.81497276733227
5634.67004056746 1.81596882511203
5636.7931503359 1.8185202134693
5638.91626010435 1.83470634466327
5641.03936987279 1.81918533954673
5643.16247964124 1.8086483643954
5645.28558940968 1.82689079108564
5647.40869917813 1.81793508441215
5649.53180894658 1.82285899150966
5651.65491871502 1.81835349315115
5653.77802848347 1.82471492306479
5655.90113825191 1.80995387218695
5658.02424802036 1.80458405938677
5660.1473577888 1.80128901916094
5662.27046755725 1.79975089193679
5664.39357732569 1.80593141956641
5666.51668709414 1.81435284451018
5668.63979686258 1.81671386611904
5670.76290663103 1.81933417421427
5672.88601639947 1.81390064640921
5675.00912616792 1.80196214567133
5677.13223593637 1.79753373938745
5679.25534570481 1.80201249770682
5681.37845547326 1.81803601034166
5683.5015652417 1.82538198790154
5685.62467501015 1.82375150115006
5687.74778477859 1.82161635975931
5689.87089454704 1.81868637503363
5691.99400431548 1.82692933280748
5694.11711408393 1.81116353441155
5696.24022385237 1.79192570523317
5698.36333362082 1.79527473501069
5700.48644338926 1.80536369041957
5702.60955315771 1.799998791324
5704.73266292616 1.80581397615546
5706.8557726946 1.81578840941851
5708.97888246305 1.80422541231086
5711.10199223149 1.79858417291426
5713.22510199994 1.79521365537226
5715.34821176838 1.81348456127585
5717.47132153683 1.83421222326939
5719.59443130527 1.82329123561795
5721.71754107372 1.80520102034142
5723.84065084216 1.81049248091824
5725.96376061061 1.82770884457614
5728.08687037905 1.81035996254855
5730.2099801475 1.81063485935054
5732.33308991594 1.81263112441127
5734.45619968439 1.83611549834692
5736.57930945284 1.82246178865597
5738.70241922128 1.81593393177037
5740.82552898973 1.81324086811732
5742.94863875817 1.80165968146171
5745.07174852662 1.8227856693331
5747.19485829506 1.80330795432207
5749.31796806351 1.81617703716682
5751.44107783195 1.80933168185838
5753.5641876004 1.82002001059326
5755.68729736884 1.82203531257558
5757.81040713729 1.82086546746172
5759.93351690573 1.82438154686006
5762.05662667418 1.82154048399865
5764.17973644263 1.81777364001225
5766.30284621107 1.81112961084661
5768.42595597952 1.79889699774029
5770.54906574796 1.80619940359293
5772.67217551641 1.80413790964421
5774.79528528485 1.78988932164606
5776.9183950533 1.76825655768527
5779.04150482174 1.73400583515789
5781.16461459019 1.72240969717559
5783.28772435863 1.74600904147198
5785.41083412708 1.77612918726449
5787.53394389553 1.79866663539795
5789.65705366397 1.80217921870466
5791.78016343242 1.78786817658106
5793.90327320086 1.78064081117081
5796.02638296931 1.77601277558754
5798.14949273775 1.77208317412151
5800.2726025062 1.80042123198596
5802.39571227464 1.78722824862116
5804.51882204309 1.81414019543054
5806.64193181153 1.81402196614001
5808.76504157998 1.80068751713611
5810.88815134842 1.78799990902194
5813.01126111687 1.80288297622101
5815.13437088531 1.8058550371814
5817.25748065376 1.81170508465678
5819.38059042221 1.80060483744276
5821.50370019065 1.79927799089025
5823.6268099591 1.80304525258509
5825.74991972754 1.80133207005261
5827.87302949599 1.79513016889595
5829.99613926443 1.78999448396754
5832.11924903288 1.79421317709676
5834.24235880132 1.80517665589915
5836.36546856977 1.79568265859403
5838.48857833821 1.79974272144042
5840.61168810666 1.79915045748809
5842.7347978751 1.79859264552764
5844.85790764355 1.80162455304662
5846.981017412 1.79913864321032
5849.10412718044 1.78061999360908
5851.22723694889 1.77385862662565
5853.35034671733 1.78040171849039
5855.47345648578 1.78291164910592
5857.59656625422 1.78518674019638
5859.71967602267 1.78341198247372
5861.84278579111 1.7937042959582
5863.96589555956 1.82558358873456
5866.089005328 1.84106862415279
5868.21211509645 1.83046883567069
5870.33522486489 1.78178177770102
5872.45833463334 1.74140106888049
5874.58144440179 1.63125855509844
5876.70455417023 1.65219513072661
5878.82766393868 1.72963105541989
5880.95077370712 1.79520662313924
5883.07388347557 1.79527009842741
5885.19699324401 1.81172990483113
5887.32010301246 1.78285398169185
5889.4432127809 1.71692404398139
5891.56632254935 1.70410778151219
5893.68943231779 1.71725090883431
5895.81254208624 1.71145851468829
5897.93565185468 1.74389440931787
5900.05876162313 1.78144597164696
5902.18187139157 1.78742876024243
5904.30498116002 1.79031427088044
5906.42809092847 1.79141741948808
5908.55120069691 1.79141464689005
5910.67431046536 1.7867384740818
5912.7974202338 1.78975982472446
5914.92053000225 1.79214912077819
5917.04363977069 1.78287468902545
5919.16674953914 1.78293907904718
5921.28985930758 1.78385611760898
5923.41296907603 1.77191494954896
5925.53607884447 1.77254921162405
5927.65918861292 1.76636882628466
5929.78229838136 1.77623905234684
5931.90540814981 1.77621928737994
5934.02851791826 1.79092589215386
5936.1516276867 1.80081988918867
5938.27473745515 1.79305569884922
5940.39784722359 1.75982085311168
5942.52095699204 1.76405806901042
5944.64406676048 1.78144999321226
5946.76717652893 1.76854618476666
5948.89028629737 1.78840641013247
5951.01339606582 1.76762791660638
5953.13650583426 1.77861402896721
5955.25961560271 1.76569928207347
5957.38272537116 1.77817297812199
5959.5058351396 1.77879168146983
5961.62894490805 1.77946481498178
5963.75205467649 1.77671172132148
5965.87516444494 1.7714339705033
5967.99827421338 1.7669227457387
5970.12138398183 1.76677045705124
5972.24449375027 1.76981236400891
5974.36760351872 1.76655663570841
5976.49071328716 1.7631080896358
5978.61382305561 1.76747801211381
5980.73693282405 1.76791263437801
5982.8600425925 1.76178433955677
5984.98315236094 1.76376452400051
5987.10626212939 1.75550292756335
5989.22937189784 1.75316058741505
5991.35248166628 1.75883314438144
5993.47559143473 1.76283627890074
5995.59870120317 1.77067008920185
5997.72181097162 1.77139244923076
5999.84492074006 1.77063564196481
6001.96803050851 1.75479628848667
6004.09114027695 1.7560948812916
6006.2142500454 1.75195205072978
6008.33735981384 1.75973344601941
6010.46046958229 1.75850691219544
6012.58357935073 1.7600030067623
6014.70668911918 1.77077817410209
6016.82979888763 1.77807920996421
6018.95290865607 1.76981479531192
6021.07601842452 1.76059405335967
6023.19912819296 1.77012744548286
6025.32223796141 1.77884928147712
6027.44534772985 1.76675524094043
6029.5684574983 1.75924356397519
6031.69156726674 1.76159630425301
6033.81467703519 1.77070264597109
6035.93778680363 1.76433047766892
6038.06089657208 1.75330253218318
6040.18400634052 1.74513865377485
6042.30711610897 1.77557868941122
6044.43022587742 1.76749533762204
6046.55333564586 1.74692766461707
6048.67644541431 1.76843822924477
6050.79955518275 1.76175389682369
6052.9226649512 1.76902953037567
6055.04577471964 1.76120351656088
6057.16888448809 1.76890757624768
6059.29199425653 1.76835600187714
6061.41510402498 1.76833660711055
6063.53821379342 1.77556108587089
6065.66132356187 1.76626975811965
6067.78443333031 1.75990790367205
6069.90754309876 1.77058542380995
6072.0306528672 1.76712254020981
6074.15376263565 1.7685906100076
6076.2768724041 1.75899899666581
6078.39998217254 1.75969493155624
6080.52309194099 1.77044030125189
6082.64620170943 1.7500492629036
6084.76931147788 1.75402715051817
6086.89242124632 1.77321111000917
6089.01553101477 1.7656776001511
6091.13864078321 1.75256323148387
6093.26175055166 1.76043530357955
6095.3848603201 1.74991840978344
6097.50797008855 1.75943281258083
6099.63107985699 1.74463238576195
6101.75418962544 1.75273424605869
6103.87729939389 1.76194327895326
6106.00040916233 1.76438234633621
6108.12351893078 1.76069771240987
6110.24662869922 1.75733460706037
6112.36973846767 1.76484257967713
6114.49284823611 1.76244115781075
6116.61595800456 1.75743186016377
6118.739067773 1.7584487485117
6120.86217754145 1.75218652263994
6122.98528730989 1.76862643443122
6125.10839707834 1.76178019984778
6127.23150684679 1.77546930603171
6129.35461661523 1.76329706055382
6131.47772638367 1.76652594530387
6133.60083615212 1.7637863465636
6135.72394592057 1.75349486881716
6137.84705568901 1.76489688209338
6139.97016545746 1.77173446408465
6142.0932752259 1.76523443571355
6144.21638499435 1.76319823531719
6146.33949476279 1.76131487870442
6148.46260453124 1.76569417370389
6150.58571429968 1.75744631223058
6152.70882406813 1.73710395744161
6154.83193383657 1.7482076930372
6156.95504360502 1.75773475269639
6159.07815337347 1.76212805871152
6161.20126314191 1.74884247940288
6163.32437291036 1.71628795088535
6165.4474826788 1.72551974706918
6167.57059244725 1.72498592128482
6169.69370221569 1.73439730755015
6171.81681198414 1.72241716013013
6173.93992175258 1.71890705975774
6176.06303152103 1.73611334640276
6178.18614128947 1.73132016040773
6180.30925105792 1.71790536649028
6182.43236082636 1.72291814246562
6184.55547059481 1.72780279160074
6186.67858036326 1.72926165627996
6188.8016901317 1.73338860533206
6190.92479990015 1.73751862600842
6193.04790966859 1.73994543207321
6195.17101943704 1.73397618885065
6197.29412920548 1.7390738502578
6199.41723897393 1.74138691519678
6201.54034874237 1.724531803427
6203.66345851082 1.71673344474159
6205.78656827926 1.72236720829529
6207.90967804771 1.72425239148525
6210.03278781615 1.74764461775919
6212.1558975846 1.73747069300898
6214.27900735305 1.74695025582352
6216.40211712149 1.74229213692676
6218.52522688994 1.73540665842503
6220.64833665838 1.74094766670731
6222.77144642683 1.75313512431304
6224.89455619527 1.74967557301672
6227.01766596372 1.73875888541536
6229.14077573216 1.74352683214191
6231.26388550061 1.75336388921627
6233.38699526905 1.76403396040049
6235.5101050375 1.74774574384566
6237.63321480594 1.75599472826245
6239.75632457439 1.76014643993682
6241.87943434283 1.75003618317057
6244.00254411128 1.74006670207148
6246.12565387973 1.73645530499682
6248.24876364817 1.74968443234192
6250.37187341662 1.75167647687636
6252.49498318506 1.75281086950428
6254.61809295351 1.75428856236538
6256.74120272195 1.75766658110935
6258.8643124904 1.75948443622295
6260.98742225884 1.75498773770964
6263.11053202729 1.754129882707
6265.23364179573 1.75526148822304
6267.35675156418 1.73740068080627
6269.47986133262 1.73154332256885
6271.60297110107 1.73839341699603
6273.72608086952 1.73610219227424
6275.84919063796 1.74063135260985
6277.97230040641 1.72834197082815
6280.09541017485 1.69989475365543
6282.2185199433 1.67352429623415
6284.34162971174 1.65462924044246
6286.46473948019 1.69278227698279
6288.58784924863 1.72174532152594
6290.71095901708 1.73177788404023
6292.83406878552 1.74796107202631
6294.95717855397 1.761770512146
6297.08028832242 1.74827764768155
6299.20339809086 1.77119724175404
6301.3265078593 1.86493798100057
6303.44961762775 1.8201218461674
6305.5727273962 1.78053274392368
6307.69583716464 1.75386830420078
6309.81894693309 1.75202897536442
6311.94205670153 1.72309101300588
6314.06516646998 1.75461457951841
6316.18827623842 1.7352792903285
6318.31138600687 1.73595261195486
6320.43449577531 1.73095880179833
6322.55760554376 1.7389548314804
6324.6807153122 1.74629728244464
6326.80382508065 1.74532239594439
6328.9269348491 1.7461708177449
6331.05004461754 1.74008321545278
6333.17315438599 1.72612659229793
6335.29626415443 1.73700675169137
6337.41937392288 1.74002077243506
6339.54248369132 1.73031336196133
6341.66559345977 1.71245154396947
6343.78870322821 1.72568623924865
6345.91181299666 1.73197439092784
6348.0349227651 1.7338290697541
6350.15803253355 1.74949216110778
6352.28114230199 1.72328500058112
6354.40425207044 1.73521229725835
6356.52736183889 1.74380407878905
6358.65047160733 1.74469030348449
6360.77358137578 1.77673032811676
6362.89669114422 1.81276045934413
6365.01980091267 1.80811133548295
6367.14291068111 1.78056640278234
6369.26602044956 1.72020435648477
6371.389130218 1.72676204514799
6373.51223998645 1.72632602388806
6375.63534975489 1.71230608876985
6377.75845952334 1.68349372068572
6379.88156929178 1.69713136092742
6382.00467906023 1.71894981247368
6384.12778882867 1.72493347277423
6386.25089859712 1.72977236493189
6388.37400836557 1.72481846021712
6390.49711813401 1.72247345714096
6392.62022790246 1.72640964998533
6394.7433376709 1.7249210921918
6396.86644743935 1.72043989541842
6398.98955720779 1.71970714867065
6401.11266697624 1.71607303138973
6403.23577674468 1.71986545742767
6405.35888651313 1.7067425168828
6407.48199628157 1.71685015937372
6409.60510605002 1.7098255400511
6411.72821581846 1.71202752812836
6413.85132558691 1.70536412647901
6415.97443535536 1.7109284928723
6418.0975451238 1.71626032878673
6420.22065489225 1.71255152687698
6422.34376466069 1.71363933095633
6424.46687442914 1.71745473709465
6426.58998419758 1.71800710028539
6428.71309396603 1.72276383870542
6430.83620373447 1.71039127282257
6432.95931350292 1.71622475756449
6435.08242327136 1.71630771275518
6437.20553303981 1.70843426532844
6439.32864280825 1.71075155626172
6441.4517525767 1.720945881728
6443.57486234515 1.69865204620727
6445.69797211359 1.69667917097701
6447.82108188204 1.68934223627708
6449.94419165048 1.69355429147113
6452.06730141893 1.7007444103434
6454.19041118737 1.69487386667322
6456.31352095582 1.68944783371465
6458.43663072426 1.69148352205499
6460.55974049271 1.68194963609015
6462.68285026115 1.67932279387184
6464.8059600296 1.68590294805516
6466.92906979805 1.68934644500526
6469.05217956649 1.70609881066411
6471.17528933493 1.70881011944433
6473.29839910338 1.71298603649527
6475.42150887183 1.6979771618904
6477.54461864027 1.68773508896973
6479.66772840872 1.69209284748647
6481.79083817716 1.68594981111116
6483.91394794561 1.67899932573186
6486.03705771405 1.69130544457493
6488.1601674825 1.69194244773232
6490.28327725094 1.67679642004713
6492.40638701939 1.67347676135711
6494.52949678783 1.67047134593582
6496.65260655628 1.68523954966193
6498.77571632473 1.70099865683245
6500.89882609317 1.69775563040041
6503.02193586162 1.69457054388537
6505.14504563006 1.6944928325607
6507.26815539851 1.68869486946163
6509.39126516695 1.68808204818272
6511.5143749354 1.6923588107925
6513.63748470384 1.69031944372225
6515.76059447229 1.68358953454184
6517.88370424073 1.6807636773541
6520.00681400918 1.6810923228444
6522.12992377762 1.68828540225859
6524.25303354607 1.67572820296809
6526.37614331452 1.66751445773622
6528.49925308296 1.66069033644243
6530.62236285141 1.67943960449733
6532.74547261985 1.67695438296741
6534.8685823883 1.66355202201409
6536.99169215674 1.661018111641
6539.11480192519 1.66494427504044
6541.23791169363 1.66966364409026
6543.36102146208 1.67576079757078
6545.48413123052 1.67675730844233
6547.60724099897 1.6796554070985
6549.73035076741 1.65651014921408
6551.85346053586 1.64590687573576
6553.9765703043 1.62769656492209
6556.09968007275 1.60827092059627
6558.2227898412 1.56029836283154
6560.34589960964 1.51864212871452
6562.46900937809 1.48277998593177
6564.59211914653 1.51264131989442
6566.71522891498 1.58720086592525
6568.83833868342 1.65014163425374
6570.96144845187 1.68174262640445
6573.08455822031 1.67887324113985
6575.20766798876 1.66456814912118
6577.3307777572 1.67655392115139
6579.45388752565 1.66524191646043
6581.57699729409 1.67161694456081
6583.70010706254 1.68172180808261
6585.82321683099 1.67836335876896
6587.94632659943 1.66382085528932
6590.06943636788 1.66619104397349
6592.19254613632 1.66906998413477
6594.31565590477 1.67228535478399
6596.43876567321 1.67823417638212
6598.56187544166 1.67989191545172
6600.6849852101 1.68296275678516
6602.80809497855 1.67307456147459
6604.93120474699 1.68440937527633
6607.05431451544 1.68506031891587
6609.17742428388 1.67716409111838
6611.30053405233 1.64501679067522
6613.42364382078 1.63343315522413
6615.54675358922 1.64777375952788
6617.66986335767 1.66657514879787
6619.79297312611 1.67692664814596
6621.91608289456 1.67813744594132
6624.039192663 1.67932628914168
6626.16230243145 1.68244491162901
6628.28541219989 1.67142368626893
6630.40852196834 1.67004230419364
6632.53163173678 1.66890972318531
6634.65474150523 1.67273259963575
6636.77785127367 1.67611926476785
6638.90096104212 1.6565560243328
6641.02407081056 1.66299467626146
6643.14718057901 1.66689848368264
6645.27029034746 1.67291981322894
6647.3934001159 1.67151217053778
6649.51650988435 1.6641205595346
6651.63961965279 1.66852823073239
6653.76272942124 1.67271957534838
6655.88583918968 1.65754624772727
6658.00894895813 1.66350270891258
6660.13205872657 1.66316641798242
6662.25516849502 1.6626867291764
6664.37827826346 1.67323210682995
6666.50138803191 1.66389469294626
6668.62449780036 1.67179542065947
6670.7476075688 1.66765524419086
6672.87071733725 1.64737120682176
6674.99382710569 1.61861334650179
6677.11693687414 1.58533110930397
6679.24004664258 1.56879873973155
6681.36315641103 1.59387196335145
6683.48626617947 1.63755249251931
6685.60937594792 1.66035002942965
6687.73248571636 1.66538904445867
6689.85559548481 1.661899292094
6691.97870525325 1.64812142010961
6694.1018150217 1.66863462286601
6696.22492479015 1.65869681104644
6698.34803455859 1.65050045376638
6700.47114432704 1.66007258176215
6702.59425409548 1.66350258177843
6704.71736386393 1.66631809519675
6706.84047363237 1.65598020558154
6708.96358340082 1.6661336390718
6711.08669316926 1.66945805962296
6713.20980293771 1.65612309100149
6715.33291270615 1.6731387103626
6717.4560224746 1.66766208613179
6719.57913224304 1.66749372933281
6721.70224201149 1.65705364219145
6723.82535177993 1.64981925020462
6725.94846154838 1.65757260778498
6728.07157131683 1.65909237750538
6730.19468108527 1.64257361220715
6732.31779085372 1.6527299291655
6734.44090062216 1.65391883788943
6736.56401039061 1.6613806041591
6738.68712015905 1.65584593874404
6740.8102299275 1.65673130253326
6742.93333969594 1.64931533458442
6745.05644946439 1.64733042174591
6747.17955923283 1.65770808570348
6749.30266900128 1.66009225234905
6751.42577876972 1.65673510906629
6753.54888853817 1.6584907079997
6755.67199830662 1.64861099328956
6757.79510807506 1.66313811832578
6759.91821784351 1.65896948949543
6762.04132761195 1.65751724596862
6764.1644373804 1.65412226772168
6766.28754714884 1.6544901557981
6768.41065691729 1.6571588713757
6770.53376668573 1.65116062908524
6772.65687645418 1.65223595955099
6774.77998622262 1.65330873503121
6776.90309599107 1.65055347679882
6779.02620575951 1.65793234606826
6781.14931552796 1.65679631430182
6783.27242529641 1.63784299971912
6785.39553506485 1.65275083105166
6787.5186448333 1.65918463249721
6789.64175460174 1.65302206261932
6791.76486437019 1.6589600688079
6793.88797413863 1.6529646403333
6796.01108390708 1.65509594836486
6798.13419367552 1.65776633472277
6800.25730344397 1.65383683147806
6802.38041321241 1.65107776803331
6804.50352298086 1.65155435271208
6806.6266327493 1.66724083217348
6808.74974251775 1.67055118547126
6810.87285228619 1.65359731738827
6812.99596205464 1.65392992040583
6815.11907182309 1.65098350982673
6817.24218159153 1.65292412243465
6819.36529135998 1.6520625845881
6821.48840112842 1.64789145206987
6823.61151089687 1.65444464590665
6825.73462066531 1.67014077149873
6827.85773043376 1.6752074414194
6829.9808402022 1.6798100750532
6832.10394997065 1.67422786052707
6834.22705973909 1.67250807576878
6836.35016950754 1.65389485708077
6838.47327927599 1.64873733171564
6840.59638904443 1.65059153421515
6842.71949881288 1.64343974396186
6844.84260858132 1.63999353162148
6846.96571834977 1.64494827270809
6849.08882811821 1.6455076356251
6851.21193788666 1.63739836251807
6853.3350476551 1.63902439771738
6855.45815742355 1.6332402478423
6857.58126719199 1.63775898607088
6859.70437696044 1.65286899013217
6861.82748672888 1.66773553073057
6863.95059649733 1.64980192675357
6866.07370626578 1.57167533388811
6868.19681603422 1.50247853745319
6870.31992580267 1.47744658455858
6872.44303557111 1.49052110384809
6874.56614533956 1.52674530686676
6876.689255108 1.55682957024198
6878.81236487645 1.57875291443892
6880.93547464489 1.62611764399306
6883.05858441334 1.60764890716505
6885.18169418178 1.58076073830051
6887.30480395023 1.58772471393013
6889.42791371867 1.5843110166547
6891.55102348712 1.58018934553535
6893.67413325556 1.58130872416942
6895.79724302401 1.58278557006298
6897.92035279246 1.58783591956735
6900.0434625609 1.5995507318018
6902.16657232935 1.59769178079571
6904.28968209779 1.58654449530105
6906.41279186624 1.60015905057109
6908.53590163468 1.60764451727158
6910.65901140313 1.62016562415909
6912.78212117157 1.62729669550655
6914.90523094002 1.63324191069799
6917.02834070846 1.62829728682165
6919.15145047691 1.6245718370192
6921.27456024535 1.64300440369152
6923.3976700138 1.63496345784472
6925.52077978225 1.63237394588722
6927.64388955069 1.63548292923107
6929.76699931914 1.62073177667552
6931.89010908758 1.62335169592867
6934.01321885603 1.61885373835926
6936.13632862447 1.63391488562835
6938.25943839292 1.63213919162301
6940.38254816136 1.62607705744578
6942.50565792981 1.63558812222485
6944.62876769825 1.62914459962894
6946.7518774667 1.64690656828105
6948.87498723514 1.66105097311077
6950.99809700359 1.64373198559262
6953.12120677204 1.63696287460124
6955.24431654048 1.63427044278709
6957.36742630893 1.6362285246907
6959.49053607737 1.6359486377347
6961.61364584582 1.64055361717658
6963.73675561426 1.64770932568948
6965.85986538271 1.64887560589321
6967.98297515115 1.64982356995657
6970.1060849196 1.63716954524475
6972.22919468804 1.6272085814898
6974.35230445649 1.64398818365505
6976.47541422493 1.64384816829963
6978.59852399338 1.65679491121283
6980.72163376182 1.64200006908288
6982.84474353027 1.62878849988759
6984.96785329872 1.62929536022892
6987.09096306716 1.63306275189185
6989.21407283561 1.63471355885888
6991.33718260405 1.62539535363508
6993.4602923725 1.63700662865901
6995.58340214094 1.6464848495284
6997.70651190939 1.64368388812567
6999.82962167783 1.63549802266582
7001.95273144628 1.62762064462387
7004.07584121472 1.62304633513707
7006.19895098317 1.62188971079708
7008.32206075162 1.63083243711054
7010.44517052006 1.64367877755404
7012.56828028851 1.63292344979126
7014.69139005695 1.62890294730238
7016.8144998254 1.62343230547724
7018.93760959384 1.62963033578307
7021.06071936229 1.61424156748062
7023.18382913073 1.62869667976933
7025.30693889918 1.63030513384144
7027.43004866762 1.62803376053267
7029.55315843607 1.62819152125093
7031.67626820451 1.62840693038115
7033.79937797296 1.63291131914625
7035.92248774141 1.62474383745568
7038.04559750985 1.61708540766571
7040.1687072783 1.6224691990892
7042.29181704674 1.63860973078817
7044.41492681519 1.63706135917856
7046.53803658363 1.63354255254125
7048.66114635208 1.62995545781074
7050.78425612052 1.63193471499925
7052.90736588897 1.63231121122773
7055.03047565741 1.61912840252197
7057.15358542586 1.61329994133073
7059.2766951943 1.60408467029696
7061.39980496275 1.59340064968405
7063.52291473119 1.56942958669175
7065.64602449964 1.55489659420633
7067.76913426809 1.57677983128114
7069.89224403653 1.6032255710211
7072.01535380498 1.61825389811591
7074.13846357342 1.6209372673789
7076.26157334187 1.61382770067233
7078.38468311031 1.60810327048036
7080.50779287876 1.61970853138356
7082.6309026472 1.60819141684782
7084.75401241565 1.61754554560943
7086.87712218409 1.6085096457662
7089.00023195254 1.61630850481703
7091.12334172098 1.62056611141329
7093.24645148943 1.61502597702211
7095.36956125788 1.60861645716719
7097.49267102632 1.60906679807408
7099.61578079477 1.61336190200204
7101.73889056321 1.60859270215353
7103.86200033166 1.61414204623784
7105.9851101001 1.60693446145912
7108.10821986855 1.61097704165868
7110.23132963699 1.61554397433998
7112.35443940544 1.60062635488337
7114.47754917388 1.59490155890217
7116.60065894233 1.6038275776703
7118.72376871077 1.60343416069145
7120.84687847922 1.59610343304044
7122.96998824767 1.5940922722261
7125.09309801611 1.58950756615493
7127.21620778456 1.60201973447598
7129.339317553 1.61963929033759
7131.46242732145 1.61574545900518
7133.58553708989 1.61016681534239
7135.70864685834 1.60386196862478
7137.83175662678 1.60617787065812
7139.95486639523 1.61862346116341
7142.07797616367 1.60624307706748
7144.20108593212 1.60533371727577
7146.32419570056 1.60613593381353
7148.44730546901 1.6050589584789
7150.57041523745 1.60092064799843
7152.6935250059 1.59816677971
7154.81663477435 1.60053469758249
7156.93974454279 1.601546824655
7159.06285431124 1.60032265370516
7161.18596407968 1.60110490012206
7163.30907384813 1.59947690657511
7165.43218361657 1.60795235904989
7167.55529338502 1.59454556485436
7169.67840315346 1.58155657693588
7171.80151292191 1.58769675863662
7173.92462269035 1.58421625102542
7176.0477324588 1.57230779708321
7178.17084222724 1.56850637991008
7180.29395199569 1.57815891236263
7182.41706176414 1.58276190616235
7184.54017153258 1.56147425446349
7186.66328130103 1.58473153871508
7188.78639106947 1.59592953273381
7190.90950083792 1.58522661775563
7193.03261060636 1.59372971951787
7195.15572037481 1.59185479908588
7197.27883014325 1.57960393873642
7199.4019399117 1.57475367916037
7201.52504968014 1.58021168641682
7203.64815944859 1.57917105344475
7205.77126921704 1.57929439185482
7207.89437898548 1.58838589444956
7210.01748875393 1.592672825562
7212.14059852237 1.58933496910669
7214.26370829082 1.58965954514512
7216.38681805926 1.58635949091652
7218.50992782771 1.57761300269271
7220.63303759615 1.56887770847538
7222.7561473646 1.56228151077967
7224.87925713304 1.55471963551026
7227.00236690149 1.57315127488295
7229.12547666993 1.58103796301419
7231.24858643838 1.54926631096138
7233.37169620682 1.5546599919202
7235.49480597527 1.57636835363207
7237.61791574372 1.58243730230049
7239.74102551216 1.59153490056847
7241.86413528061 1.60881974376482
7243.98724504905 1.61123559991375
7246.1103548175 1.61458180783385
7248.23346458594 1.58623379969676
7250.35657435439 1.58456654455546
7252.47968412283 1.58565610802908
7254.60279389128 1.58303671693437
7256.72590365972 1.57751932062353
7258.84901342817 1.57016477392599
7260.97212319661 1.56232586663614
7263.09523296506 1.55682889593763
7265.21834273351 1.5584169183551
7267.34145250195 1.57126778991106
7269.4645622704 1.56931737912743
7271.58767203884 1.5774472444639
7273.71078180729 1.60232291374229
7275.83389157573 1.59987041010158
7277.95700134418 1.58638635111234
7280.08011111262 1.56658515586603
7282.20322088107 1.55190893960485
7284.32633064951 1.55704523179546
7286.44944041796 1.55968756548149
7288.5725501864 1.55323309107075
7290.69565995485 1.56017054649168
7292.8187697233 1.5768872700542
7294.94187949174 1.57627420465292
7297.06498926019 1.57280291751605
7299.18809902863 1.56941919990509
7301.31120879708 1.56960046869164
7303.43431856552 1.57520749184965
7305.55742833397 1.57699568946808
7307.68053810241 1.56136466954093
7309.80364787086 1.57209971650235
7311.9267576393 1.5914429154292
7314.04986740775 1.59826031576027
7316.17297717619 1.59497324244437
7318.29608694464 1.57259254675651
7320.41919671308 1.55682315710851
7322.54230648153 1.56570050812033
7324.66541624998 1.58113767974962
7326.78852601842 1.59023530408146
7328.91163578687 1.58109319097631
7331.03474555531 1.56275621452358
7333.15785532376 1.5466248745633
7335.2809650922 1.56342027415483
7337.40407486065 1.58681480693733
7339.52718462909 1.59317342989339
7341.65029439754 1.57810011121958
7343.77340416598 1.55823624149585
7345.89651393443 1.55784349143819
7348.01962370287 1.54678061573276
7350.14273347132 1.54928821007122
7352.26584323977 1.54129680328955
7354.38895300821 1.55181673957838
7356.51206277666 1.55628034539679
7358.6351725451 1.54881691268682
7360.75828231355 1.53896981739777
7362.88139208199 1.53749748819594
7365.00450185044 1.54484003687638
7367.12761161888 1.55453125475712
7369.25072138733 1.56992244853035
7371.37383115577 1.56369971972644
7373.49694092422 1.54912835765452
7375.62005069267 1.54580373083033
7377.74316046111 1.54460262796247
7379.86627022956 1.54342928543215
7381.989379998 1.54470262021452
7384.11248976645 1.54389902183482
7386.23559953489 1.54749362306691
7388.35870930334 1.5579588571982
7390.48181907178 1.54973978239101
7392.60492884023 1.55438143138114
7394.72803860867 1.54995616937985
7396.85114837712 1.55214015508334
7398.97425814556 1.55798354063596
7401.09736791401 1.55735442796953
7403.22047768245 1.55202555968578
7405.3435874509 1.53802954727014
7407.46669721935 1.53697560644261
7409.58980698779 1.53937150505501
7411.71291675624 1.54684055934763
7413.83602652468 1.53931512776642
7415.95913629313 1.52963419211214
7418.08224606157 1.52930061209059
7420.20535583002 1.53398330958904
7422.32846559846 1.53200692700951
7424.45157536691 1.53391160304092
7426.57468513535 1.5352627349083
7428.6977949038 1.54403581602609
7430.82090467224 1.54064160683969
7432.94401444069 1.54739969941126
7435.06712420914 1.54458548072171
7437.19023397758 1.5372942010459
7439.31334374603 1.53974003620973
7441.43645351447 1.54641748218775
7443.55956328292 1.52822286668226
7445.68267305136 1.53945765932631
7447.80578281981 1.52865754262184
7449.92889258825 1.53102378392019
7452.0520023567 1.52710510481243
7454.17511212514 1.53062584848271
7456.29822189359 1.53380055955716
7458.42133166203 1.53243646288454
7460.54444143048 1.53639788474689
7462.66755119893 1.52677565364477
7464.79066096737 1.52908122818732
7466.91377073582 1.51862428555403
7469.03688050426 1.52001890934008
7471.15999027271 1.52972215897213
7473.28310004115 1.53913421997779
7475.4062098096 1.53975280492772
7477.52931957804 1.5338368954704
7479.65242934649 1.53209355469987
7481.77553911493 1.52871234040706
7483.89864888338 1.53413065427891
7486.02175865182 1.51932324552376
7488.14486842027 1.50944555279422
7490.26797818871 1.51650000730361
7492.39108795716 1.51653327395485
7494.51419772561 1.5098939709013
7496.63730749405 1.50940262006674
7498.7604172625 1.51381107533621
7500.88352703094 1.51258238768713
7503.00663679939 1.50649496757527
7505.12974656783 1.5079222098018
7507.25285633628 1.50183283586141
7509.37596610472 1.50740856541262
7511.49907587317 1.51312801271969
7513.62218564161 1.51299817709715
7515.74529541006 1.50987189260422
7517.8684051785 1.50771282671977
7519.99151494695 1.52786793861359
7522.1146247154 1.54254524218746
7524.23773448384 1.53547866792804
7526.36084425229 1.52714237677411
7528.48395402073 1.52269045973038
7530.60706378918 1.51709120395351
7532.73017355762 1.50944965621624
7534.85328332607 1.50562136461403
7536.97639309451 1.51060623731582
7539.09950286296 1.51668026746382
7541.2226126314 1.50150821779795
7543.34572239985 1.50315606257979
7545.4688321683 1.51219843254409
7547.59194193674 1.51264467963863
7549.71505170519 1.51362275472886
7551.83816147363 1.51691386222129
7553.96127124208 1.51102806541098
7556.08438101052 1.50144284706813
7558.20749077897 1.5052887754527
7560.33060054741 1.50440649303243
7562.45371031586 1.49909879225554
7564.5768200843 1.50749897616493
7566.69992985275 1.51406727322069
7568.82303962119 1.51952668239014
7570.94614938964 1.52215063406878
7573.06925915808 1.50838886824662
7575.19236892653 1.49547903285229
7577.31547869498 1.49907930525186
7579.43858846342 1.4890637383724
7581.56169823187 1.49717590520025
7583.68480800031 1.50400969106325
7585.80791776876 1.50101865422862
7587.9310275372 1.49234750194808
7590.05413730565 1.46725240738102
7592.17724707409 1.38714170941202
7594.30035684254 1.29420595231071
7596.42346661098 1.23899253255909
7598.54657637943 1.19452600648508
7600.66968614787 1.16575703055271
7602.79279591632 1.15264300670591
7604.91590568477 1.15453428116769
7607.03901545321 1.16872840019204
7609.16212522166 1.19121741193635
7611.2852349901 1.22143690061134
7613.40834475855 1.28817894147091
7615.53145452699 1.37361156111853
7617.65456429544 1.40035152427867
7619.77767406388 1.36235699549855
7621.90078383233 1.30986966828938
7624.02389360077 1.28429080919866
7626.14700336922 1.28710235463072
7628.27011313766 1.28571737400309
7630.39322290611 1.27991287801748
7632.51633267456 1.27855641612587
7634.639442443 1.29020199772887
7636.76255221145 1.30450623693461
7638.88566197989 1.31152695479361
7641.00877174834 1.32227369590679
7643.13188151678 1.33380670982701
7645.25499128523 1.33652056986073
7647.37810105367 1.35228154877851
7649.50121082212 1.36247525422849
7651.62432059056 1.38023328520049
7653.74743035901 1.38777374694547
7655.87054012745 1.39975288266834
7657.9936498959 1.40744656094525
7660.11675966434 1.41489944047105
7662.23986943279 1.41831837251239
7664.36297920124 1.40195516239809
7666.48608896968 1.42571245795254
7668.60919873813 1.42977855995076
7670.73230850657 1.4394138801734
7672.85541827502 1.43860279340031
7674.97852804346 1.44059411347646
7677.10163781191 1.44664607041122
7679.22474758035 1.45395440796223
7681.3478573488 1.46044346550774
7683.47096711724 1.46367739421737
7685.59407688569 1.4669761062684
7687.71718665413 1.45514965789787
7689.84029642258 1.46366878458928
7691.96340619103 1.4672761334739
7694.08651595947 1.4556615669598
7696.20962572792 1.44412963397685
7698.33273549636 1.44455799607759
7700.45584526481 1.44159943249614
7702.57895503325 1.45503553840468
7704.7020648017 1.45452741731169
7706.82517457014 1.46037421964524
7708.94828433859 1.47137226139226
7711.07139410703 1.48747330847256
7713.19450387548 1.50162560558257
7715.31761364393 1.50389800168624
7717.44072341237 1.48935720219931
7719.56383318081 1.46870646104483
7721.68694294926 1.48376459442791
7723.81005271771 1.46892957300811
7725.93316248615 1.47118624977834
7728.0562722546 1.4657108412112
7730.17938202304 1.46191666261926
7732.30249179149 1.46311184657531
7734.42560155993 1.46302226665339
7736.54871132838 1.46682289464193
7738.67182109682 1.47229554595542
7740.79493086527 1.45981971757216
7742.91804063371 1.45769115057581
7745.04115040216 1.47788394579137
7747.16426017061 1.49838594830047
7749.28736993905 1.50197146242553
7751.4104797075 1.48824638495558
7753.53358947594 1.47269614726093
7755.65669924439 1.4741666384375
7757.77980901283 1.47912619609697
7759.90291878128 1.4792544083837
7762.02602854972 1.46112221040209
7764.14913831817 1.45122386017308
7766.27224808661 1.45770946414613
7768.39535785506 1.46539013284374
7770.5184676235 1.45590898622819
7772.64157739195 1.46550030213703
7774.7646871604 1.45053666776994
7776.88779692884 1.46167165695209
7779.01090669729 1.47153243324925
7781.13401646573 1.47197905017634
7783.25712623418 1.46465992374483
7785.38023600262 1.45943132345898
7787.50334577107 1.46454848945132
7789.62645553951 1.46864631542958
7791.74956530796 1.49420068155495
7793.8726750764 1.49589394780015
7795.99578484485 1.48103678231812
7798.11889461329 1.46488568910577
7800.24200438174 1.45716063169797
7802.36511415019 1.45865403758647
7804.48822391863 1.46578838736328
7806.61133368708 1.47948801527463
7808.73444345552 1.48507825842051
7810.85755322397 1.47191845154532
7812.98066299241 1.46198888649264
7815.10377276086 1.47203767221589
7817.2268825293 1.48899841148829
7819.34999229775 1.4966063499978
7821.47310206619 1.48630427508131
7823.59621183464 1.46246902411926
7825.71932160308 1.47060579472345
7827.84243137153 1.46017219959514
7829.96554113997 1.45447622917275
7832.08865090842 1.45520022846663
7834.21176067687 1.45155194163729
7836.33487044531 1.45280858207425
7838.45798021376 1.46403154789976
7840.5810899822 1.46089088136631
7842.70419975065 1.46841287664707
7844.82730951909 1.45521991817906
7846.95041928754 1.46631787191045
7849.07352905598 1.48063531614952
7851.19663882443 1.48972210192044
7853.31974859287 1.49137340706312
7855.44285836132 1.48644776590759
7857.56596812976 1.47766954213971
7859.68907789821 1.48376793430624
7861.81218766666 1.47310984444964
7863.9352974351 1.4685444907666
7866.05840720355 1.47673657668267
7868.18151697199 1.48404682638503
7870.30462674044 1.48458739085252
7872.42773650888 1.47719519817021
