3.659695138189495083e+03
3.661833931181707158e+03
3.663972724173919232e+03
3.666111517166131307e+03
3.668250310158343382e+03
3.670389103150555457e+03
3.672527896142767531e+03
3.674666689134979606e+03
3.676805482127191681e+03
3.678944275119403756e+03
3.681083068111615830e+03
3.683221861103827905e+03
3.685360654096039980e+03
3.687499447088252055e+03
3.689638240080464129e+03
3.691777033072676204e+03
3.693915826064888279e+03
3.696054619057100354e+03
3.698193412049312428e+03
3.700332205041524503e+03
3.702470998033736578e+03
3.704609791025948653e+03
3.706748584018160727e+03
3.708887377010372802e+03
3.711026170002584877e+03
3.713164962994796952e+03
3.715303755987009026e+03
3.717442548979221101e+03
3.719581341971433176e+03
3.721720134963645251e+03
3.723858927955857325e+03
3.725997720948069400e+03
3.728136513940281475e+03
3.730275306932493550e+03
3.732414099924705624e+03
3.734552892916917699e+03
3.736691685909129774e+03
3.738830478901341849e+03
3.740969271893553923e+03
3.743108064885765998e+03
3.745246857877978073e+03
3.747385650870190148e+03
3.749524443862402222e+03
3.751663236854614297e+03
3.753802029846826372e+03
3.755940822839038447e+03
3.758079615831250521e+03
3.760218408823462596e+03
3.762357201815674671e+03
3.764495994807886746e+03
3.766634787800098820e+03
3.768773580792310895e+03
3.770912373784522970e+03
3.773051166776735045e+03
3.775189959768947119e+03
3.777328752761159194e+03
3.779467545753371269e+03
3.781606338745583344e+03
3.783745131737795418e+03
3.785883924730007493e+03
3.788022717722219568e+03
3.790161510714431643e+03
3.792300303706643717e+03
3.794439096698855792e+03
3.796577889691067867e+03
3.798716682683279942e+03
3.800855475675492016e+03
3.802994268667704091e+03
3.805133061659916166e+03
3.807271854652128241e+03
3.809410647644340315e+03
3.811549440636552390e+03
3.813688233628764465e+03
3.815827026620976540e+03
3.817965819613188614e+03
3.820104612605400689e+03
3.822243405597612764e+03
3.824382198589824839e+03
3.826520991582036913e+03
3.828659784574248988e+03
3.830798577566461063e+03
3.832937370558673138e+03
3.835076163550885212e+03
3.837214956543097287e+03
3.839353749535309362e+03
3.841492542527521437e+03
3.843631335519733511e+03
3.845770128511945586e+03
3.847908921504157661e+03
3.850047714496369736e+03
3.852186507488581810e+03
3.854325300480793885e+03
3.856464093473005960e+03
3.858602886465218035e+03
3.860741679457430109e+03
3.862880472449642184e+03
3.865019265441854259e+03
3.867158058434066334e+03
3.869296851426278408e+03
3.871435644418490483e+03
3.873574437410702558e+03
3.875713230402914633e+03
3.877852023395126707e+03
3.879990816387338782e+03
3.882129609379550857e+03
3.884268402371762932e+03
3.886407195363975006e+03
3.888545988356187081e+03
3.890684781348399156e+03
3.892823574340611231e+03
3.894962367332823305e+03
3.897101160325035380e+03
3.899239953317247455e+03
3.901378746309459530e+03
3.903517539301671604e+03
3.905656332293883679e+03
3.907795125286095754e+03
3.909933918278307829e+03
3.912072711270519903e+03
3.914211504262731978e+03
3.916350297254944053e+03
3.918489090247156128e+03
3.920627883239368202e+03
3.922766676231580277e+03
3.924905469223792352e+03
3.927044262216004427e+03
3.929183055208216501e+03
3.931321848200428576e+03
3.933460641192640651e+03
3.935599434184852726e+03
3.937738227177064800e+03
3.939877020169276875e+03
3.942015813161488950e+03
3.944154606153701025e+03
3.946293399145913099e+03
3.948432192138125174e+03
3.950570985130337249e+03
3.952709778122549324e+03
3.954848571114761398e+03
3.956987364106973473e+03
3.959126157099185548e+03
3.961264950091397623e+03
3.963403743083609697e+03
3.965542536075821772e+03
3.967681329068033847e+03
3.969820122060245922e+03
3.971958915052457996e+03
3.974097708044670071e+03
3.976236501036882146e+03
3.978375294029094221e+03
3.980514087021306295e+03
3.982652880013518370e+03
3.984791673005730445e+03
3.986930465997942520e+03
3.989069258990154594e+03
3.991208051982366669e+03
3.993346844974578744e+03
3.995485637966790819e+03
3.997624430959002893e+03
3.999763223951214968e+03
4.001902016943427043e+03
4.004040809935639118e+03
4.006179602927851192e+03
4.008318395920063267e+03
4.010457188912275342e+03
4.012595981904487417e+03
4.014734774896699491e+03
4.016873567888911566e+03
4.019012360881123641e+03
4.021151153873335716e+03
4.023289946865547790e+03
4.025428739857759865e+03
4.027567532849971940e+03
4.029706325842184015e+03
4.031845118834396089e+03
4.033983911826608164e+03
4.036122704818820239e+03
4.038261497811032314e+03
4.040400290803244388e+03
4.042539083795456463e+03
4.044677876787668538e+03
4.046816669779880613e+03
4.048955462772092687e+03
4.051094255764304762e+03
4.053233048756516837e+03
4.055371841748728912e+03
4.057510634740940986e+03
4.059649427733153061e+03
4.061788220725365136e+03
4.063927013717577211e+03
4.066065806709789285e+03
4.068204599702001360e+03
4.070343392694213435e+03
4.072482185686425510e+03
4.074620978678637584e+03
4.076759771670849659e+03
4.078898564663061734e+03
4.081037357655273809e+03
4.083176150647485883e+03
4.085314943639697958e+03
4.087453736631910033e+03
4.089592529624122108e+03
4.091731322616334182e+03
4.093870115608546257e+03
4.096008908600758332e+03
4.098147701592970407e+03
4.100286494585182481e+03
4.102425287577394556e+03
4.104564080569606631e+03
4.106702873561818706e+03
4.108841666554030780e+03
4.110980459546242855e+03
4.113119252538454930e+03
4.115258045530667005e+03
4.117396838522879079e+03
4.119535631515091154e+03
4.121674424507303229e+03
4.123813217499515304e+03
4.125952010491727378e+03
4.128090803483939453e+03
4.130229596476151528e+03
4.132368389468363603e+03
4.134507182460575677e+03
4.136645975452787752e+03
4.138784768444999827e+03
4.140923561437211902e+03
4.143062354429423976e+03
4.145201147421636051e+03
4.147339940413848126e+03
4.149478733406060201e+03
4.151617526398272275e+03
4.153756319390484350e+03
4.155895112382696425e+03
4.158033905374908500e+03
4.160172698367120574e+03
4.162311491359332649e+03
4.164450284351544724e+03
4.166589077343756799e+03
4.168727870335968873e+03
4.170866663328180948e+03
4.173005456320393023e+03
4.175144249312605098e+03
4.177283042304817172e+03
4.179421835297029247e+03
4.181560628289241322e+03
4.183699421281453397e+03
4.185838214273665471e+03
4.187977007265877546e+03
4.190115800258089621e+03
4.192254593250301696e+03
4.194393386242513770e+03
4.196532179234725845e+03
4.198670972226937920e+03
4.200809765219149995e+03
4.202948558211362069e+03
4.205087351203574144e+03
4.207226144195786219e+03
4.209364937187998294e+03
4.211503730180210368e+03
4.213642523172422443e+03
4.215781316164634518e+03
4.217920109156846593e+03
4.220058902149058667e+03
4.222197695141270742e+03
4.224336488133482817e+03
4.226475281125694892e+03
4.228614074117906966e+03
4.230752867110119041e+03
4.232891660102331116e+03
4.235030453094543191e+03
4.237169246086755265e+03
4.239308039078967340e+03
4.241446832071179415e+03
4.243585625063391490e+03
4.245724418055603564e+03
4.247863211047815639e+03
4.250002004040027714e+03
4.252140797032239789e+03
4.254279590024451863e+03
4.256418383016663938e+03
4.258557176008876013e+03
4.260695969001088088e+03
4.262834761993300162e+03
4.264973554985512237e+03
4.267112347977724312e+03
4.269251140969936387e+03
4.271389933962148461e+03
4.273528726954360536e+03
4.275667519946572611e+03
4.277806312938784686e+03
4.279945105930996760e+03
4.282083898923208835e+03
4.284222691915420910e+03
4.286361484907632985e+03
4.288500277899845059e+03
4.290639070892057134e+03
4.292777863884269209e+03
4.294916656876481284e+03
4.297055449868693358e+03
4.299194242860905433e+03
4.301333035853117508e+03
4.303471828845329583e+03
4.305610621837541657e+03
4.307749414829753732e+03
4.309888207821965807e+03
4.312027000814177882e+03
4.314165793806389956e+03
4.316304586798602031e+03
4.318443379790814106e+03
4.320582172783026181e+03
4.322720965775238255e+03
4.324859758767450330e+03
4.326998551759662405e+03
4.329137344751874480e+03
4.331276137744086554e+03
4.333414930736298629e+03
4.335553723728510704e+03
4.337692516720722779e+03
4.339831309712934853e+03
4.341970102705146928e+03
4.344108895697359003e+03
4.346247688689571078e+03
4.348386481681783152e+03
4.350525274673995227e+03
4.352664067666207302e+03
4.354802860658419377e+03
4.356941653650631451e+03
4.359080446642843526e+03
4.361219239635055601e+03
4.363358032627267676e+03
4.365496825619479750e+03
4.367635618611691825e+03
4.369774411603903900e+03
4.371913204596115975e+03
4.374051997588328049e+03
4.376190790580540124e+03
4.378329583572752199e+03
4.380468376564964274e+03
4.382607169557176348e+03
4.384745962549388423e+03
4.386884755541600498e+03
4.389023548533812573e+03
4.391162341526024647e+03
4.393301134518236722e+03
4.395439927510448797e+03
4.397578720502660872e+03
4.399717513494872946e+03
4.401856306487085021e+03
4.403995099479297096e+03
4.406133892471509171e+03
4.408272685463721245e+03
4.410411478455933320e+03
4.412550271448145395e+03
4.414689064440357470e+03
4.416827857432569544e+03
4.418966650424781619e+03
4.421105443416993694e+03
4.423244236409205769e+03
4.425383029401417843e+03
4.427521822393629918e+03
4.429660615385841993e+03
4.431799408378054068e+03
4.433938201370266142e+03
4.436076994362478217e+03
4.438215787354690292e+03
4.440354580346902367e+03
4.442493373339114441e+03
4.444632166331326516e+03
4.446770959323538591e+03
4.448909752315750666e+03
4.451048545307962740e+03
4.453187338300174815e+03
4.455326131292386890e+03
4.457464924284598965e+03
4.459603717276811039e+03
4.461742510269023114e+03
4.463881303261235189e+03
4.466020096253447264e+03
4.468158889245659338e+03
4.470297682237871413e+03
4.472436475230083488e+03
4.474575268222295563e+03
4.476714061214507637e+03
4.478852854206719712e+03
4.480991647198931787e+03
4.483130440191143862e+03
4.485269233183355936e+03
4.487408026175568011e+03
4.489546819167780086e+03
4.491685612159992161e+03
4.493824405152204235e+03
4.495963198144416310e+03
4.498101991136628385e+03
4.500240784128840460e+03
4.502379577121052534e+03
4.504518370113264609e+03
4.506657163105476684e+03
4.508795956097688759e+03
4.510934749089900833e+03
4.513073542082112908e+03
4.515212335074324983e+03
4.517351128066537058e+03
4.519489921058749132e+03
4.521628714050961207e+03
4.523767507043173282e+03
4.525906300035385357e+03
4.528045093027597432e+03
4.530183886019809506e+03
4.532322679012021581e+03
4.534461472004233656e+03
4.536600264996445731e+03
4.538739057988657805e+03
4.540877850980869880e+03
4.543016643973081955e+03
4.545155436965294030e+03
4.547294229957506104e+03
4.549433022949718179e+03
4.551571815941930254e+03
4.553710608934142329e+03
4.555849401926354403e+03
4.557988194918566478e+03
4.560126987910778553e+03
4.562265780902990628e+03
4.564404573895202702e+03
4.566543366887414777e+03
4.568682159879626852e+03
4.570820952871838927e+03
4.572959745864051001e+03
4.575098538856263076e+03
4.577237331848475151e+03
4.579376124840687226e+03
4.581514917832899300e+03
4.583653710825111375e+03
4.585792503817323450e+03
4.587931296809535525e+03
4.590070089801747599e+03
4.592208882793959674e+03
4.594347675786171749e+03
4.596486468778383824e+03
4.598625261770595898e+03
4.600764054762807973e+03
4.602902847755020048e+03
4.605041640747232123e+03
4.607180433739444197e+03
4.609319226731656272e+03
4.611458019723868347e+03
4.613596812716080422e+03
4.615735605708292496e+03
4.617874398700504571e+03
4.620013191692716646e+03
4.622151984684928721e+03
4.624290777677140795e+03
4.626429570669352870e+03
4.628568363661564945e+03
4.630707156653777020e+03
4.632845949645989094e+03
4.634984742638201169e+03
4.637123535630413244e+03
4.639262328622625319e+03
4.641401121614837393e+03
4.643539914607049468e+03
4.645678707599261543e+03
4.647817500591473618e+03
4.649956293583685692e+03
4.652095086575897767e+03
4.654233879568109842e+03
4.656372672560321917e+03
4.658511465552533991e+03
4.660650258544746066e+03
4.662789051536958141e+03
4.664927844529170216e+03
4.667066637521382290e+03
4.669205430513594365e+03
4.671344223505806440e+03
4.673483016498018515e+03
4.675621809490230589e+03
4.677760602482442664e+03
4.679899395474654739e+03
4.682038188466866814e+03
4.684176981459078888e+03
4.686315774451290963e+03
4.688454567443503038e+03
4.690593360435715113e+03
4.692732153427927187e+03
4.694870946420139262e+03
4.697009739412351337e+03
4.699148532404563412e+03
4.701287325396775486e+03
4.703426118388987561e+03
4.705564911381199636e+03
4.707703704373411711e+03
4.709842497365623785e+03
4.711981290357835860e+03
4.714120083350047935e+03
4.716258876342260010e+03
4.718397669334472084e+03
4.720536462326684159e+03
4.722675255318896234e+03
4.724814048311108309e+03
4.726952841303320383e+03
4.729091634295532458e+03
4.731230427287744533e+03
4.733369220279956608e+03
4.735508013272168682e+03
4.737646806264380757e+03
4.739785599256592832e+03
4.741924392248804907e+03
4.744063185241016981e+03
4.746201978233229056e+03
4.748340771225441131e+03
4.750479564217653206e+03
4.752618357209865280e+03
4.754757150202077355e+03
4.756895943194289430e+03
4.759034736186501505e+03
4.761173529178713579e+03
4.763312322170925654e+03
4.765451115163137729e+03
4.767589908155349804e+03
4.769728701147561878e+03
4.771867494139773953e+03
4.774006287131986028e+03
4.776145080124198103e+03
4.778283873116410177e+03
4.780422666108622252e+03
4.782561459100834327e+03
4.784700252093046402e+03
4.786839045085258476e+03
4.788977838077470551e+03
4.791116631069682626e+03
4.793255424061894701e+03
4.795394217054106775e+03
4.797533010046318850e+03
4.799671803038530925e+03
4.801810596030743000e+03
4.803949389022955074e+03
4.806088182015167149e+03
4.808226975007379224e+03
4.810365767999591299e+03
4.812504560991803373e+03
4.814643353984015448e+03
4.816782146976227523e+03
4.818920939968439598e+03
4.821059732960651672e+03
4.823198525952863747e+03
4.825337318945075822e+03
4.827476111937287897e+03
4.829614904929499971e+03
4.831753697921712046e+03
4.833892490913924121e+03
4.836031283906136196e+03
4.838170076898348270e+03
4.840308869890560345e+03
4.842447662882772420e+03
4.844586455874984495e+03
4.846725248867196569e+03
4.848864041859408644e+03
4.851002834851620719e+03
4.853141627843832794e+03
4.855280420836044868e+03
4.857419213828256943e+03
4.859558006820469018e+03
4.861696799812681093e+03
4.863835592804893167e+03
4.865974385797105242e+03
4.868113178789317317e+03
4.870251971781529392e+03
4.872390764773741466e+03
4.874529557765953541e+03
4.876668350758165616e+03
4.878807143750377691e+03
4.880945936742589765e+03
4.883084729734801840e+03
4.885223522727013915e+03
4.887362315719225990e+03
4.889501108711438064e+03
4.891639901703650139e+03
4.893778694695862214e+03
4.895917487688074289e+03
4.898056280680286363e+03
4.900195073672498438e+03
4.902333866664710513e+03
4.904472659656922588e+03
4.906611452649134662e+03
4.908750245641346737e+03
4.910889038633558812e+03
4.913027831625770887e+03
4.915166624617982961e+03
4.917305417610195036e+03
4.919444210602407111e+03
4.921583003594619186e+03
4.923721796586831260e+03
4.925860589579043335e+03
4.927999382571255410e+03
4.930138175563467485e+03
4.932276968555679559e+03
4.934415761547891634e+03
4.936554554540103709e+03
4.938693347532315784e+03
4.940832140524527858e+03
4.942970933516739933e+03
4.945109726508952008e+03
4.947248519501164083e+03
4.949387312493376157e+03
4.951526105485588232e+03
4.953664898477800307e+03
4.955803691470012382e+03
4.957942484462224456e+03
4.960081277454436531e+03
4.962220070446648606e+03
4.964358863438860681e+03
4.966497656431072755e+03
4.968636449423284830e+03
4.970775242415496905e+03
4.972914035407708980e+03
4.975052828399921054e+03
4.977191621392133129e+03
4.979330414384345204e+03
4.981469207376557279e+03
4.983608000368769353e+03
4.985746793360981428e+03
4.987885586353193503e+03
4.990024379345405578e+03
4.992163172337617652e+03
4.994301965329829727e+03
4.996440758322041802e+03
4.998579551314253877e+03
5.000718344306465951e+03
5.002857137298678026e+03
5.004995930290890101e+03
5.007134723283102176e+03
5.009273516275314250e+03
5.011412309267526325e+03
5.013551102259738400e+03
5.015689895251950475e+03
5.017828688244162549e+03
5.019967481236374624e+03
5.022106274228586699e+03
5.024245067220798774e+03
5.026383860213010848e+03
5.028522653205222923e+03
5.030661446197434998e+03
5.032800239189647073e+03
5.034939032181859147e+03
5.037077825174071222e+03
5.039216618166283297e+03
5.041355411158495372e+03
5.043494204150707446e+03
5.045632997142919521e+03
5.047771790135131596e+03
5.049910583127343671e+03
5.052049376119555745e+03
5.054188169111767820e+03
5.056326962103979895e+03
5.058465755096191970e+03
5.060604548088404044e+03
5.062743341080616119e+03
5.064882134072828194e+03
5.067020927065040269e+03
5.069159720057252343e+03
5.071298513049464418e+03
5.073437306041676493e+03
5.075576099033888568e+03
5.077714892026100642e+03
5.079853685018312717e+03
5.081992478010524792e+03
5.084131271002736867e+03
5.086270063994948941e+03
5.088408856987161016e+03
5.090547649979373091e+03
5.092686442971585166e+03
5.094825235963797240e+03
5.096964028956009315e+03
5.099102821948221390e+03
5.101241614940433465e+03
5.103380407932645539e+03
5.105519200924857614e+03
5.107657993917069689e+03
5.109796786909281764e+03
5.111935579901493838e+03
5.114074372893705913e+03
5.116213165885917988e+03
5.118351958878130063e+03
5.120490751870342137e+03
5.122629544862554212e+03
5.124768337854766287e+03
5.126907130846978362e+03
5.129045923839190436e+03
5.131184716831402511e+03
5.133323509823614586e+03
5.135462302815826661e+03
5.137601095808038735e+03
5.139739888800250810e+03
5.141878681792462885e+03
5.144017474784674960e+03
5.146156267776887034e+03
5.148295060769099109e+03
5.150433853761311184e+03
5.152572646753523259e+03
5.154711439745735333e+03
5.156850232737947408e+03
5.158989025730159483e+03
5.161127818722371558e+03
5.163266611714583632e+03
5.165405404706795707e+03
5.167544197699007782e+03
5.169682990691219857e+03
5.171821783683431931e+03
5.173960576675644006e+03
5.176099369667856081e+03
5.178238162660068156e+03
5.180376955652280230e+03
5.182515748644492305e+03
5.184654541636704380e+03
5.186793334628916455e+03
5.188932127621128529e+03
5.191070920613340604e+03
5.193209713605552679e+03
5.195348506597764754e+03
5.197487299589976828e+03
5.199626092582188903e+03
5.201764885574400978e+03
5.203903678566613053e+03
5.206042471558825127e+03
5.208181264551037202e+03
5.210320057543249277e+03
5.212458850535461352e+03
5.214597643527673426e+03
5.216736436519885501e+03
5.218875229512097576e+03
5.221014022504309651e+03
5.223152815496521725e+03
5.225291608488733800e+03
5.227430401480945875e+03
5.229569194473157950e+03
5.231707987465370024e+03
5.233846780457582099e+03
5.235985573449794174e+03
5.238124366442006249e+03
5.240263159434218323e+03
5.242401952426430398e+03
5.244540745418642473e+03
5.246679538410854548e+03
5.248818331403066622e+03
5.250957124395278697e+03
5.253095917387490772e+03
5.255234710379702847e+03
5.257373503371914921e+03
5.259512296364126996e+03
5.261651089356339071e+03
5.263789882348551146e+03
5.265928675340763220e+03
5.268067468332975295e+03
5.270206261325187370e+03
5.272345054317399445e+03
5.274483847309611519e+03
5.276622640301823594e+03
5.278761433294035669e+03
5.280900226286247744e+03
5.283039019278459818e+03
5.285177812270671893e+03
5.287316605262883968e+03
5.289455398255096043e+03
5.291594191247308117e+03
5.293732984239520192e+03
5.295871777231732267e+03
5.298010570223944342e+03
5.300149363216156416e+03
5.302288156208368491e+03
5.304426949200580566e+03
5.306565742192792641e+03
5.308704535185004715e+03
5.310843328177216790e+03
5.312982121169428865e+03
5.315120914161640940e+03
5.317259707153853014e+03
5.319398500146065089e+03
5.321537293138277164e+03
5.323676086130489239e+03
5.325814879122701313e+03
5.327953672114913388e+03
5.330092465107125463e+03
5.332231258099337538e+03
5.334370051091549612e+03
5.336508844083761687e+03
5.338647637075973762e+03
5.340786430068185837e+03
5.342925223060397911e+03
5.345064016052609986e+03
5.347202809044822061e+03
5.349341602037034136e+03
5.351480395029246210e+03
5.353619188021458285e+03
5.355757981013670360e+03
5.357896774005882435e+03
5.360035566998094509e+03
5.362174359990306584e+03
5.364313152982518659e+03
5.366451945974730734e+03
5.368590738966942808e+03
5.370729531959154883e+03
5.372868324951366958e+03
5.375007117943579033e+03
5.377145910935791107e+03
5.379284703928003182e+03
5.381423496920215257e+03
5.383562289912427332e+03
5.385701082904639406e+03
5.387839875896851481e+03
5.389978668889063556e+03
5.392117461881275631e+03
5.394256254873487705e+03
5.396395047865699780e+03
5.398533840857911855e+03
5.400672633850123930e+03
5.402811426842336004e+03
5.404950219834548079e+03
5.407089012826760154e+03
5.409227805818972229e+03
5.411366598811184303e+03
5.413505391803396378e+03
5.415644184795608453e+03
5.417782977787820528e+03
5.419921770780032602e+03
5.422060563772244677e+03
5.424199356764456752e+03
5.426338149756668827e+03
5.428476942748880901e+03
5.430615735741092976e+03
5.432754528733305051e+03
5.434893321725517126e+03
5.437032114717729200e+03
5.439170907709941275e+03
5.441309700702153350e+03
5.443448493694365425e+03
5.445587286686577499e+03
5.447726079678789574e+03
5.449864872671001649e+03
5.452003665663213724e+03
5.454142458655425798e+03
5.456281251647637873e+03
5.458420044639849948e+03
5.460558837632062023e+03
5.462697630624274097e+03
5.464836423616486172e+03
5.466975216608698247e+03
5.469114009600910322e+03
5.471252802593122397e+03
5.473391595585334471e+03
5.475530388577546546e+03
5.477669181569758621e+03
5.479807974561970696e+03
5.481946767554182770e+03
5.484085560546394845e+03
5.486224353538606920e+03
5.488363146530818995e+03
5.490501939523031069e+03
5.492640732515243144e+03
5.494779525507455219e+03
5.496918318499667294e+03
5.499057111491879368e+03
5.501195904484091443e+03
5.503334697476303518e+03
5.505473490468515593e+03
5.507612283460727667e+03
5.509751076452939742e+03
5.511889869445151817e+03
5.514028662437363892e+03
5.516167455429575966e+03
5.518306248421788041e+03
5.520445041414000116e+03
5.522583834406212191e+03
5.524722627398424265e+03
5.526861420390636340e+03
5.529000213382848415e+03
5.531139006375060490e+03
5.533277799367272564e+03
5.535416592359484639e+03
5.537555385351696714e+03
5.539694178343908789e+03
5.541832971336120863e+03
5.543971764328332938e+03
5.546110557320545013e+03
5.548249350312757088e+03
5.550388143304969162e+03
5.552526936297181237e+03
5.554665729289393312e+03
5.556804522281605387e+03
5.558943315273817461e+03
5.561082108266029536e+03
5.563220901258241611e+03
5.565359694250453686e+03
5.567498487242665760e+03
5.569637280234877835e+03
5.571776073227089910e+03
5.573914866219301985e+03
5.576053659211514059e+03
5.578192452203726134e+03
5.580331245195938209e+03
5.582470038188150284e+03
5.584608831180362358e+03
5.586747624172574433e+03
5.588886417164786508e+03
5.591025210156998583e+03
5.593164003149210657e+03
5.595302796141422732e+03
5.597441589133634807e+03
5.599580382125846882e+03
5.601719175118058956e+03
5.603857968110271031e+03
5.605996761102483106e+03
5.608135554094695181e+03
5.610274347086907255e+03
5.612413140079119330e+03
5.614551933071331405e+03
5.616690726063543480e+03
5.618829519055755554e+03
5.620968312047967629e+03
5.623107105040179704e+03
5.625245898032391779e+03
5.627384691024603853e+03
5.629523484016815928e+03
5.631662277009028003e+03
5.633801070001240078e+03
5.635939862993452152e+03
5.638078655985664227e+03
5.640217448977876302e+03
5.642356241970088377e+03
5.644495034962300451e+03
5.646633827954512526e+03
5.648772620946724601e+03
5.650911413938936676e+03
5.653050206931148750e+03
5.655188999923360825e+03
5.657327792915572900e+03
5.659466585907784975e+03
5.661605378899997049e+03
5.663744171892209124e+03
5.665882964884421199e+03
5.668021757876633274e+03
5.670160550868845348e+03
5.672299343861057423e+03
5.674438136853269498e+03
5.676576929845481573e+03
5.678715722837693647e+03
5.680854515829905722e+03
5.682993308822117797e+03
5.685132101814329872e+03
5.687270894806541946e+03
5.689409687798754021e+03
5.691548480790966096e+03
5.693687273783178171e+03
5.695826066775390245e+03
5.697964859767602320e+03
5.700103652759814395e+03
5.702242445752026470e+03
5.704381238744238544e+03
5.706520031736450619e+03
5.708658824728662694e+03
5.710797617720874769e+03
5.712936410713086843e+03
5.715075203705298918e+03
5.717213996697510993e+03
5.719352789689723068e+03
5.721491582681935142e+03
5.723630375674147217e+03
5.725769168666359292e+03
5.727907961658571367e+03
5.730046754650783441e+03
5.732185547642995516e+03
5.734324340635207591e+03
5.736463133627419666e+03
5.738601926619631740e+03
5.740740719611843815e+03
5.742879512604055890e+03
5.745018305596267965e+03
5.747157098588480039e+03
5.749295891580692114e+03
5.751434684572904189e+03
5.753573477565116264e+03
5.755712270557328338e+03
5.757851063549540413e+03
5.759989856541752488e+03
5.762128649533964563e+03
5.764267442526176637e+03
5.766406235518388712e+03
5.768545028510600787e+03
5.770683821502812862e+03
5.772822614495024936e+03
5.774961407487237011e+03
5.777100200479449086e+03
5.779238993471661161e+03
5.781377786463873235e+03
5.783516579456085310e+03
5.785655372448297385e+03
5.787794165440509460e+03
5.789932958432721534e+03
5.792071751424933609e+03
5.794210544417145684e+03
5.796349337409357759e+03
5.798488130401569833e+03
5.800626923393781908e+03
5.802765716385993983e+03
5.804904509378206058e+03
5.807043302370418132e+03
5.809182095362630207e+03
5.811320888354842282e+03
5.813459681347054357e+03
5.815598474339266431e+03
5.817737267331478506e+03
5.819876060323690581e+03
5.822014853315902656e+03
5.824153646308114730e+03
5.826292439300326805e+03
5.828431232292538880e+03
5.830570025284750955e+03
5.832708818276963029e+03
5.834847611269175104e+03
5.836986404261387179e+03
5.839125197253599254e+03
5.841263990245811328e+03
5.843402783238023403e+03
5.845541576230235478e+03
5.847680369222447553e+03
5.849819162214659627e+03
5.851957955206871702e+03
5.854096748199083777e+03
5.856235541191295852e+03
5.858374334183507926e+03
5.860513127175720001e+03
5.862651920167932076e+03
5.864790713160144151e+03
5.866929506152356225e+03
5.869068299144568300e+03
5.871207092136780375e+03
5.873345885128992450e+03
5.875484678121204524e+03
5.877623471113416599e+03
5.879762264105628674e+03
5.881901057097840749e+03
5.884039850090052823e+03
5.886178643082264898e+03
5.888317436074476973e+03
5.890456229066689048e+03
5.892595022058901122e+03
5.894733815051113197e+03
5.896872608043325272e+03
5.899011401035537347e+03
5.901150194027749421e+03
5.903288987019961496e+03
5.905427780012173571e+03
5.907566573004385646e+03
5.909705365996597720e+03
5.911844158988809795e+03
5.913982951981021870e+03
5.916121744973233945e+03
5.918260537965446019e+03
5.920399330957658094e+03
5.922538123949870169e+03
5.924676916942082244e+03
5.926815709934294318e+03
5.928954502926506393e+03
5.931093295918718468e+03
5.933232088910930543e+03
5.935370881903142617e+03
5.937509674895354692e+03
5.939648467887566767e+03
5.941787260879778842e+03
5.943926053871990916e+03
5.946064846864202991e+03
5.948203639856415066e+03
5.950342432848627141e+03
5.952481225840839215e+03
5.954620018833051290e+03
5.956758811825263365e+03
5.958897604817475440e+03
5.961036397809687514e+03
5.963175190801899589e+03
5.965313983794111664e+03
5.967452776786323739e+03
5.969591569778535813e+03
5.971730362770747888e+03
5.973869155762959963e+03
5.976007948755172038e+03
5.978146741747384112e+03
5.980285534739596187e+03
5.982424327731808262e+03
5.984563120724020337e+03
5.986701913716232411e+03
5.988840706708444486e+03
5.990979499700656561e+03
5.993118292692868636e+03
5.995257085685080710e+03
5.997395878677292785e+03
5.999534671669504860e+03
6.001673464661716935e+03
6.003812257653929009e+03
6.005951050646141084e+03
6.008089843638353159e+03
6.010228636630565234e+03
6.012367429622777308e+03
6.014506222614989383e+03
6.016645015607201458e+03
6.018783808599413533e+03
6.020922601591625607e+03
6.023061394583837682e+03
6.025200187576049757e+03
6.027338980568261832e+03
6.029477773560473906e+03
6.031616566552685981e+03
6.033755359544898056e+03
6.035894152537110131e+03
6.038032945529322205e+03
6.040171738521534280e+03
6.042310531513746355e+03
6.044449324505958430e+03
6.046588117498170504e+03
6.048726910490382579e+03
6.050865703482594654e+03
6.053004496474806729e+03
6.055143289467018803e+03
6.057282082459230878e+03
6.059420875451442953e+03
6.061559668443655028e+03
6.063698461435867102e+03
6.065837254428079177e+03
6.067976047420291252e+03
6.070114840412503327e+03
6.072253633404715401e+03
6.074392426396927476e+03
6.076531219389139551e+03
6.078670012381351626e+03
6.080808805373563700e+03
6.082947598365775775e+03
6.085086391357987850e+03
6.087225184350199925e+03
6.089363977342411999e+03
6.091502770334624074e+03
6.093641563326836149e+03
6.095780356319048224e+03
6.097919149311260298e+03
6.100057942303472373e+03
6.102196735295684448e+03
6.104335528287896523e+03
6.106474321280108597e+03
6.108613114272320672e+03
6.110751907264532747e+03
6.112890700256744822e+03
6.115029493248956896e+03
6.117168286241168971e+03
6.119307079233381046e+03
6.121445872225593121e+03
6.123584665217805195e+03
6.125723458210017270e+03
6.127862251202229345e+03
6.130001044194441420e+03
6.132139837186653494e+03
6.134278630178865569e+03
6.136417423171077644e+03
6.138556216163289719e+03
6.140695009155501793e+03
6.142833802147713868e+03
6.144972595139925943e+03
6.147111388132138018e+03
6.149250181124350092e+03
6.151388974116562167e+03
6.153527767108774242e+03
6.155666560100986317e+03
6.157805353093198391e+03
6.159944146085410466e+03
6.162082939077622541e+03
6.164221732069834616e+03
6.166360525062046690e+03
6.168499318054258765e+03
6.170638111046470840e+03
6.172776904038682915e+03
6.174915697030894989e+03
6.177054490023107064e+03
6.179193283015319139e+03
6.181332076007531214e+03
6.183470868999743288e+03
6.185609661991955363e+03
6.187748454984167438e+03
6.189887247976379513e+03
6.192026040968591587e+03
6.194164833960803662e+03
6.196303626953015737e+03
6.198442419945227812e+03
6.200581212937439886e+03
6.202720005929651961e+03
6.204858798921864036e+03
6.206997591914076111e+03
6.209136384906288185e+03
6.211275177898500260e+03
6.213413970890712335e+03
6.215552763882924410e+03
6.217691556875136484e+03
6.219830349867348559e+03
6.221969142859560634e+03
6.224107935851772709e+03
6.226246728843984783e+03
6.228385521836196858e+03
6.230524314828408933e+03
6.232663107820621008e+03
6.234801900812833082e+03
6.236940693805045157e+03
6.239079486797257232e+03
6.241218279789469307e+03
6.243357072781681381e+03
6.245495865773893456e+03
6.247634658766105531e+03
6.249773451758317606e+03
6.251912244750529680e+03
6.254051037742741755e+03
6.256189830734953830e+03
6.258328623727165905e+03
6.260467416719377979e+03
6.262606209711590054e+03
6.264745002703802129e+03
6.266883795696014204e+03
6.269022588688226278e+03
6.271161381680438353e+03
6.273300174672650428e+03
6.275438967664862503e+03
6.277577760657074577e+03
6.279716553649286652e+03
6.281855346641498727e+03
6.283994139633710802e+03
6.286132932625922876e+03
6.288271725618134951e+03
6.290410518610347026e+03
6.292549311602559101e+03
6.294688104594771175e+03
6.296826897586983250e+03
6.298965690579195325e+03
6.301104483571407400e+03
6.303243276563619474e+03
6.305382069555831549e+03
6.307520862548043624e+03
6.309659655540255699e+03
6.311798448532467773e+03
6.313937241524679848e+03
6.316076034516891923e+03
6.318214827509103998e+03
6.320353620501316072e+03
6.322492413493528147e+03
6.324631206485740222e+03
6.326769999477952297e+03
6.328908792470164371e+03
6.331047585462376446e+03
6.333186378454588521e+03
6.335325171446800596e+03
6.337463964439012670e+03
6.339602757431224745e+03
6.341741550423436820e+03
6.343880343415648895e+03
6.346019136407860969e+03
6.348157929400073044e+03
6.350296722392285119e+03
6.352435515384497194e+03
6.354574308376709268e+03
6.356713101368921343e+03
6.358851894361133418e+03
6.360990687353345493e+03
6.363129480345557567e+03
6.365268273337769642e+03
6.367407066329981717e+03
6.369545859322193792e+03
6.371684652314405866e+03
6.373823445306617941e+03
6.375962238298830016e+03
6.378101031291042091e+03
6.380239824283254165e+03
6.382378617275466240e+03
6.384517410267678315e+03
6.386656203259890390e+03
6.388794996252102464e+03
6.390933789244314539e+03
6.393072582236526614e+03
6.395211375228738689e+03
6.397350168220950763e+03
6.399488961213162838e+03
6.401627754205374913e+03
6.403766547197586988e+03
6.405905340189799063e+03
6.408044133182011137e+03
6.410182926174223212e+03
6.412321719166435287e+03
6.414460512158647362e+03
6.416599305150859436e+03
6.418738098143071511e+03
6.420876891135283586e+03
6.423015684127495661e+03
6.425154477119707735e+03
6.427293270111919810e+03
6.429432063104131885e+03
6.431570856096343960e+03
6.433709649088556034e+03
6.435848442080768109e+03
6.437987235072980184e+03
6.440126028065192259e+03
6.442264821057404333e+03
6.444403614049616408e+03
6.446542407041828483e+03
6.448681200034040558e+03
6.450819993026252632e+03
6.452958786018464707e+03
6.455097579010676782e+03
6.457236372002888857e+03
6.459375164995100931e+03
6.461513957987313006e+03
6.463652750979525081e+03
6.465791543971737156e+03
6.467930336963949230e+03
6.470069129956161305e+03
6.472207922948373380e+03
6.474346715940585455e+03
6.476485508932797529e+03
6.478624301925009604e+03
6.480763094917221679e+03
6.482901887909433754e+03
6.485040680901645828e+03
6.487179473893857903e+03
6.489318266886069978e+03
6.491457059878282053e+03
6.493595852870494127e+03
6.495734645862706202e+03
6.497873438854918277e+03
6.500012231847130352e+03
6.502151024839342426e+03
6.504289817831554501e+03
6.506428610823766576e+03
6.508567403815978651e+03
6.510706196808190725e+03
6.512844989800402800e+03
6.514983782792614875e+03
6.517122575784826950e+03
6.519261368777039024e+03
6.521400161769251099e+03
6.523538954761463174e+03
6.525677747753675249e+03
6.527816540745887323e+03
6.529955333738099398e+03
6.532094126730311473e+03
6.534232919722523548e+03
6.536371712714735622e+03
6.538510505706947697e+03
6.540649298699159772e+03
6.542788091691371847e+03
6.544926884683583921e+03
6.547065677675795996e+03
6.549204470668008071e+03
6.551343263660220146e+03
6.553482056652432220e+03
6.555620849644644295e+03
6.557759642636856370e+03
6.559898435629068445e+03
6.562037228621280519e+03
6.564176021613492594e+03
6.566314814605704669e+03
6.568453607597916744e+03
6.570592400590128818e+03
6.572731193582340893e+03
6.574869986574552968e+03
6.577008779566765043e+03
6.579147572558977117e+03
6.581286365551189192e+03
6.583425158543401267e+03
6.585563951535613342e+03
6.587702744527825416e+03
6.589841537520037491e+03
6.591980330512249566e+03
6.594119123504461641e+03
6.596257916496673715e+03
6.598396709488885790e+03
6.600535502481097865e+03
6.602674295473309940e+03
6.604813088465522014e+03
6.606951881457734089e+03
6.609090674449946164e+03
6.611229467442158239e+03
6.613368260434370313e+03
6.615507053426582388e+03
6.617645846418794463e+03
6.619784639411006538e+03
6.621923432403218612e+03
6.624062225395430687e+03
6.626201018387642762e+03
6.628339811379854837e+03
6.630478604372066911e+03
6.632617397364278986e+03
6.634756190356491061e+03
6.636894983348703136e+03
6.639033776340915210e+03
6.641172569333127285e+03
6.643311362325339360e+03
6.645450155317551435e+03
6.647588948309763509e+03
6.649727741301975584e+03
6.651866534294187659e+03
6.654005327286399734e+03
6.656144120278611808e+03
6.658282913270823883e+03
6.660421706263035958e+03
6.662560499255248033e+03
6.664699292247460107e+03
6.666838085239672182e+03
6.668976878231884257e+03
6.671115671224096332e+03
6.673254464216308406e+03
6.675393257208520481e+03
6.677532050200732556e+03
6.679670843192944631e+03
6.681809636185156705e+03
6.683948429177368780e+03
6.686087222169580855e+03
6.688226015161792930e+03
6.690364808154005004e+03
6.692503601146217079e+03
6.694642394138429154e+03
6.696781187130641229e+03
6.698919980122853303e+03
6.701058773115065378e+03
6.703197566107277453e+03
6.705336359099489528e+03
6.707475152091701602e+03
6.709613945083913677e+03
6.711752738076125752e+03
6.713891531068337827e+03
6.716030324060549901e+03
6.718169117052761976e+03
6.720307910044974051e+03
6.722446703037186126e+03
6.724585496029398200e+03
6.726724289021610275e+03
6.728863082013822350e+03
6.731001875006034425e+03
6.733140667998246499e+03
6.735279460990458574e+03
6.737418253982670649e+03
6.739557046974882724e+03
6.741695839967094798e+03
6.743834632959306873e+03
6.745973425951518948e+03
6.748112218943731023e+03
6.750251011935943097e+03
6.752389804928155172e+03
6.754528597920367247e+03
6.756667390912579322e+03
6.758806183904791396e+03
6.760944976897003471e+03
6.763083769889215546e+03
6.765222562881427621e+03
6.767361355873639695e+03
6.769500148865851770e+03
6.771638941858063845e+03
6.773777734850275920e+03
6.775916527842487994e+03
6.778055320834700069e+03
6.780194113826912144e+03
6.782332906819124219e+03
6.784471699811336293e+03
6.786610492803548368e+03
6.788749285795760443e+03
6.790888078787972518e+03
6.793026871780184592e+03
6.795165664772396667e+03
6.797304457764608742e+03
6.799443250756820817e+03
6.801582043749032891e+03
6.803720836741244966e+03
6.805859629733457041e+03
6.807998422725669116e+03
6.810137215717881190e+03
6.812276008710093265e+03
6.814414801702305340e+03
6.816553594694517415e+03
6.818692387686729489e+03
6.820831180678941564e+03
6.822969973671153639e+03
6.825108766663365714e+03
6.827247559655577788e+03
6.829386352647789863e+03
6.831525145640001938e+03
6.833663938632214013e+03
6.835802731624426087e+03
6.837941524616638162e+03
6.840080317608850237e+03
6.842219110601062312e+03
6.844357903593274386e+03
6.846496696585486461e+03
6.848635489577698536e+03
6.850774282569910611e+03
6.852913075562122685e+03
6.855051868554334760e+03
6.857190661546546835e+03
6.859329454538758910e+03
6.861468247530970984e+03
6.863607040523183059e+03
6.865745833515395134e+03
6.867884626507607209e+03
6.870023419499819283e+03
6.872162212492031358e+03
6.874301005484243433e+03
6.876439798476455508e+03
6.878578591468667582e+03
6.880717384460879657e+03
6.882856177453091732e+03
6.884994970445303807e+03
6.887133763437515881e+03
6.889272556429727956e+03
6.891411349421940031e+03
6.893550142414152106e+03
6.895688935406364180e+03
6.897827728398576255e+03
6.899966521390788330e+03
6.902105314383000405e+03
6.904244107375212479e+03
6.906382900367424554e+03
6.908521693359636629e+03
6.910660486351848704e+03
6.912799279344060778e+03
6.914938072336272853e+03
6.917076865328484928e+03
6.919215658320697003e+03
6.921354451312909077e+03
6.923493244305121152e+03
6.925632037297333227e+03
6.927770830289545302e+03
6.929909623281757376e+03
6.932048416273969451e+03
6.934187209266181526e+03
6.936326002258393601e+03
6.938464795250605675e+03
6.940603588242817750e+03
6.942742381235029825e+03
6.944881174227241900e+03
6.947019967219453974e+03
6.949158760211666049e+03
6.951297553203878124e+03
6.953436346196090199e+03
6.955575139188302273e+03
6.957713932180514348e+03
6.959852725172726423e+03
6.961991518164938498e+03
6.964130311157150572e+03
6.966269104149362647e+03
6.968407897141574722e+03
6.970546690133786797e+03
6.972685483125998871e+03
6.974824276118210946e+03
6.976963069110423021e+03
6.979101862102635096e+03
6.981240655094847170e+03
6.983379448087059245e+03
6.985518241079271320e+03
6.987657034071483395e+03
6.989795827063695469e+03
6.991934620055907544e+03
6.994073413048119619e+03
6.996212206040331694e+03
6.998350999032543768e+03
7.000489792024755843e+03
7.002628585016967918e+03
7.004767378009179993e+03
7.006906171001392067e+03
7.009044963993604142e+03
7.011183756985816217e+03
7.013322549978028292e+03
7.015461342970240366e+03
7.017600135962452441e+03
7.019738928954664516e+03
7.021877721946876591e+03
7.024016514939088665e+03
7.026155307931300740e+03
7.028294100923512815e+03
7.030432893915724890e+03
7.032571686907936964e+03
7.034710479900149039e+03
7.036849272892361114e+03
7.038988065884573189e+03
7.041126858876785263e+03
7.043265651868997338e+03
7.045404444861209413e+03
7.047543237853421488e+03
7.049682030845633562e+03
7.051820823837845637e+03
7.053959616830057712e+03
7.056098409822269787e+03
7.058237202814481861e+03
7.060375995806693936e+03
7.062514788798906011e+03
7.064653581791118086e+03
7.066792374783330160e+03
7.068931167775542235e+03
7.071069960767754310e+03
7.073208753759966385e+03
7.075347546752178459e+03
7.077486339744390534e+03
7.079625132736602609e+03
7.081763925728814684e+03
7.083902718721026758e+03
7.086041511713238833e+03
7.088180304705450908e+03
7.090319097697662983e+03
7.092457890689875057e+03
7.094596683682087132e+03
7.096735476674299207e+03
7.098874269666511282e+03
7.101013062658723356e+03
7.103151855650935431e+03
7.105290648643147506e+03
7.107429441635359581e+03
7.109568234627571655e+03
7.111707027619783730e+03
7.113845820611995805e+03
7.115984613604207880e+03
7.118123406596419954e+03
7.120262199588632029e+03
7.122400992580844104e+03
7.124539785573056179e+03
7.126678578565268253e+03
7.128817371557480328e+03
7.130956164549692403e+03
7.133094957541904478e+03
7.135233750534116552e+03
7.137372543526328627e+03
7.139511336518540702e+03
7.141650129510752777e+03
7.143788922502964851e+03
7.145927715495176926e+03
7.148066508487389001e+03
7.150205301479601076e+03
7.152344094471813150e+03
7.154482887464025225e+03
7.156621680456237300e+03
7.158760473448449375e+03
7.160899266440661449e+03
7.163038059432873524e+03
7.165176852425085599e+03
7.167315645417297674e+03
7.169454438409509748e+03
7.171593231401721823e+03
7.173732024393933898e+03
7.175870817386145973e+03
7.178009610378358047e+03
7.180148403370570122e+03
7.182287196362782197e+03
7.184425989354994272e+03
7.186564782347206346e+03
7.188703575339418421e+03
7.190842368331630496e+03
7.192981161323842571e+03
7.195119954316054645e+03
7.197258747308266720e+03
7.199397540300478795e+03
7.201536333292690870e+03
7.203675126284902944e+03
7.205813919277115019e+03
7.207952712269327094e+03
7.210091505261539169e+03
7.212230298253751243e+03
7.214369091245963318e+03
7.216507884238175393e+03
7.218646677230387468e+03
7.220785470222599542e+03
7.222924263214811617e+03
7.225063056207023692e+03
7.227201849199235767e+03
7.229340642191447841e+03
7.231479435183659916e+03
7.233618228175871991e+03
7.235757021168084066e+03
7.237895814160296140e+03
7.240034607152508215e+03
7.242173400144720290e+03
7.244312193136932365e+03
7.246450986129144439e+03
7.248589779121356514e+03
7.250728572113568589e+03
7.252867365105780664e+03
7.255006158097992738e+03
7.257144951090204813e+03
7.259283744082416888e+03
7.261422537074628963e+03
7.263561330066841037e+03
7.265700123059053112e+03
7.267838916051265187e+03
7.269977709043477262e+03
7.272116502035689336e+03
7.274255295027901411e+03
7.276394088020113486e+03
7.278532881012325561e+03
7.280671674004537635e+03
7.282810466996749710e+03
7.284949259988961785e+03
7.287088052981173860e+03
7.289226845973385934e+03
7.291365638965598009e+03
7.293504431957810084e+03
7.295643224950022159e+03
7.297782017942234233e+03
7.299920810934446308e+03
7.302059603926658383e+03
7.304198396918870458e+03
7.306337189911082532e+03
7.308475982903294607e+03
7.310614775895506682e+03
7.312753568887718757e+03
7.314892361879930831e+03
7.317031154872142906e+03
7.319169947864354981e+03
7.321308740856567056e+03
7.323447533848779130e+03
7.325586326840991205e+03
7.327725119833203280e+03
7.329863912825415355e+03
7.332002705817627429e+03
7.334141498809839504e+03
7.336280291802051579e+03
7.338419084794263654e+03
7.340557877786475728e+03
7.342696670778687803e+03
7.344835463770899878e+03
7.346974256763111953e+03
7.349113049755324028e+03
7.351251842747536102e+03
7.353390635739748177e+03
7.355529428731960252e+03
7.357668221724172327e+03
7.359807014716384401e+03
7.361945807708596476e+03
7.364084600700808551e+03
7.366223393693020626e+03
7.368362186685232700e+03
7.370500979677444775e+03
7.372639772669656850e+03
7.374778565661868925e+03
7.376917358654080999e+03
7.379056151646293074e+03
7.381194944638505149e+03
7.383333737630717224e+03
7.385472530622929298e+03
7.387611323615141373e+03
7.389750116607353448e+03
7.391888909599565523e+03
7.394027702591777597e+03
7.396166495583989672e+03
7.398305288576201747e+03
7.400444081568413822e+03
7.402582874560625896e+03
7.404721667552837971e+03
7.406860460545050046e+03
7.408999253537262121e+03
7.411138046529474195e+03
7.413276839521686270e+03
7.415415632513898345e+03
7.417554425506110420e+03
7.419693218498322494e+03
7.421832011490534569e+03
7.423970804482746644e+03
7.426109597474958719e+03
7.428248390467170793e+03
7.430387183459382868e+03
7.432525976451594943e+03
7.434664769443807018e+03
7.436803562436019092e+03
7.438942355428231167e+03
7.441081148420443242e+03
7.443219941412655317e+03
7.445358734404867391e+03
7.447497527397079466e+03
7.449636320389291541e+03
7.451775113381503616e+03
7.453913906373715690e+03
7.456052699365927765e+03
7.458191492358139840e+03
7.460330285350351915e+03
7.462469078342563989e+03
7.464607871334776064e+03
7.466746664326988139e+03
7.468885457319200214e+03
7.471024250311412288e+03
7.473163043303624363e+03
7.475301836295836438e+03
7.477440629288048513e+03
7.479579422280260587e+03
7.481718215272472662e+03
7.483857008264684737e+03
7.485995801256896812e+03
7.488134594249108886e+03
7.490273387241320961e+03
7.492412180233533036e+03
7.494550973225745111e+03
7.496689766217957185e+03
7.498828559210169260e+03
7.500967352202381335e+03
7.503106145194593410e+03
7.505244938186805484e+03
7.507383731179017559e+03
7.509522524171229634e+03
7.511661317163441709e+03
7.513800110155653783e+03
7.515938903147865858e+03
7.518077696140077933e+03
7.520216489132290008e+03
7.522355282124502082e+03
7.524494075116714157e+03
7.526632868108926232e+03
7.528771661101138307e+03
7.530910454093350381e+03
7.533049247085562456e+03
7.535188040077774531e+03
7.537326833069986606e+03
7.539465626062198680e+03
7.541604419054410755e+03
7.543743212046622830e+03
7.545882005038834905e+03
7.548020798031046979e+03
7.550159591023259054e+03
7.552298384015471129e+03
7.554437177007683204e+03
7.556575969999895278e+03
7.558714762992107353e+03
7.560853555984319428e+03
7.562992348976531503e+03
7.565131141968743577e+03
7.567269934960955652e+03
7.569408727953167727e+03
7.571547520945379802e+03
7.573686313937591876e+03
7.575825106929803951e+03
7.577963899922016026e+03
7.580102692914228101e+03
7.582241485906440175e+03
7.584380278898652250e+03
7.586519071890864325e+03
7.588657864883076400e+03
7.590796657875288474e+03
7.592935450867500549e+03
7.595074243859712624e+03
7.597213036851924699e+03
7.599351829844136773e+03
7.601490622836348848e+03
7.603629415828560923e+03
7.605768208820772998e+03
7.607907001812985072e+03
7.610045794805197147e+03
7.612184587797409222e+03
7.614323380789621297e+03
7.616462173781833371e+03
7.618600966774045446e+03
7.620739759766257521e+03
7.622878552758469596e+03
7.625017345750681670e+03
7.627156138742893745e+03
7.629294931735105820e+03
7.631433724727317895e+03
7.633572517719529969e+03
7.635711310711742044e+03
7.637850103703954119e+03
7.639988896696166194e+03
7.642127689688378268e+03
7.644266482680590343e+03
7.646405275672802418e+03
7.648544068665014493e+03
7.650682861657226567e+03
7.652821654649438642e+03
7.654960447641650717e+03
7.657099240633862792e+03
7.659238033626074866e+03
7.661376826618286941e+03
7.663515619610499016e+03
7.665654412602711091e+03
7.667793205594923165e+03
7.669931998587135240e+03
7.672070791579347315e+03
7.674209584571559390e+03
7.676348377563771464e+03
7.678487170555983539e+03
7.680625963548195614e+03
7.682764756540407689e+03
7.684903549532619763e+03
7.687042342524831838e+03
7.689181135517043913e+03
7.691319928509255988e+03
7.693458721501468062e+03
7.695597514493680137e+03
7.697736307485892212e+03
7.699875100478104287e+03
7.702013893470316361e+03
7.704152686462528436e+03
7.706291479454740511e+03
7.708430272446952586e+03
7.710569065439164660e+03
7.712707858431376735e+03
7.714846651423588810e+03
7.716985444415800885e+03
7.719124237408012959e+03
7.721263030400225034e+03
7.723401823392437109e+03
7.725540616384649184e+03
7.727679409376861258e+03
7.729818202369073333e+03
7.731956995361285408e+03
7.734095788353497483e+03
7.736234581345709557e+03
7.738373374337921632e+03
7.740512167330133707e+03
7.742650960322345782e+03
7.744789753314557856e+03
7.746928546306769931e+03
7.749067339298982006e+03
7.751206132291194081e+03
7.753344925283406155e+03
7.755483718275618230e+03
7.757622511267830305e+03
7.759761304260042380e+03
7.761900097252254454e+03
7.764038890244466529e+03
7.766177683236678604e+03
7.768316476228890679e+03
7.770455269221102753e+03
7.772594062213314828e+03
7.774732855205526903e+03
7.776871648197738978e+03
7.779010441189951052e+03
7.781149234182163127e+03
7.783288027174375202e+03
7.785426820166587277e+03
7.787565613158799351e+03
7.789704406151011426e+03
7.791843199143223501e+03
7.793981992135435576e+03
7.796120785127647650e+03
7.798259578119859725e+03
7.800398371112071800e+03
7.802537164104283875e+03
7.804675957096495949e+03
7.806814750088708024e+03
7.808953543080920099e+03
7.811092336073132174e+03
7.813231129065344248e+03
7.815369922057556323e+03
7.817508715049768398e+03
7.819647508041980473e+03
7.821786301034192547e+03
7.823925094026404622e+03
7.826063887018616697e+03
7.828202680010828772e+03
7.830341473003040846e+03
7.832480265995252921e+03
7.834619058987464996e+03
7.836757851979677071e+03
7.838896644971889145e+03
7.841035437964101220e+03
7.843174230956313295e+03
7.845313023948525370e+03
7.847451816940737444e+03
7.849590609932949519e+03
7.851729402925161594e+03
7.853868195917373669e+03
7.856006988909585743e+03
7.858145781901797818e+03
7.860284574894009893e+03
7.862423367886221968e+03
7.864562160878434042e+03
7.866700953870646117e+03
7.868839746862858192e+03
7.870978539855070267e+03
7.873117332847282341e+03
